1.000000 0.000000 0.000000 0.000000 0.000000 1.000000 0.000000 0.000000 0.000000 0.000000 1.000000 0.000000
0.999991 0.002644 0.003391 0.000670 -0.002651 0.999994 0.002099 0.004341 -0.003386 -0.002108 0.999992 -0.673264
0.999991 -0.001282 0.004005 0.008246 0.001277 0.999998 0.001492 0.001699 -0.004007 -0.001487 0.999991 -0.688997
0.999991 0.000047 0.004126 0.003576 -0.000053 0.999999 0.001508 -0.001272 -0.004126 -0.001508 0.999990 -0.714640
0.999987 -0.001408 0.004941 0.006775 0.001405 0.999999 0.000625 0.001246 -0.004942 -0.000618 0.999988 -0.726877
0.999989 0.001128 0.004480 0.004070 -0.001129 0.999999 0.000190 0.004378 -0.004479 -0.000195 0.999990 -0.743756
0.999988 -0.001783 0.004651 0.005855 0.001777 0.999998 0.001294 0.001719 -0.004654 -0.001286 0.999988 -0.760868
0.999983 -0.002658 0.005211 0.003878 0.002654 0.999996 0.000690 0.000984 -0.005213 -0.000676 0.999986 -0.775271
0.999989 -0.000273 0.004577 0.001717 0.000280 0.999999 -0.001565 0.002761 -0.004577 0.001566 0.999988 -0.790266
0.999989 0.000928 0.004686 -0.000048 -0.000916 0.999996 -0.002608 0.004181 -0.004688 0.002603 0.999986 -0.801570
0.999993 0.000499 0.003724 0.000449 -0.000489 0.999996 -0.002638 0.008051 -0.003725 0.002637 0.999990 -0.815711
0.999995 -0.001491 0.002885 0.003404 0.001489 0.999999 0.000664 0.007136 -0.002886 -0.000660 0.999996 -0.818611
0.999997 0.000581 0.002349 0.002770 -0.000582 1.000000 0.000336 0.002493 -0.002349 -0.000337 0.999997 -0.824502
0.999993 0.003032 0.001953 -0.002304 -0.003033 0.999995 0.000678 0.002153 -0.001951 -0.000684 0.999998 -0.834293
0.999998 0.000140 0.002050 0.004240 -0.000139 1.000000 -0.000715 0.004808 -0.002050 0.000714 0.999998 -0.839345
0.999998 0.001507 0.001445 0.002884 -0.001508 0.999999 0.000320 0.005778 -0.001445 -0.000322 0.999999 -0.853869
0.999995 -0.002425 0.001966 0.004022 0.002421 0.999994 0.002297 0.006910 -0.001972 -0.002292 0.999995 -0.857666
0.999999 -0.000640 0.001393 0.004995 0.000637 0.999996 0.002642 0.004442 -0.001395 -0.002641 0.999996 -0.862651
0.999990 -0.004067 0.001723 0.010329 0.004064 0.999990 0.001677 0.003458 -0.001730 -0.001670 0.999997 -0.874113
0.999999 -0.000867 0.001153 0.005583 0.000868 1.000000 -0.000344 0.006260 -0.001153 0.000345 0.999999 -0.889215
0.999998 0.000978 0.001479 0.002798 -0.000976 0.999998 -0.001441 0.008381 -0.001481 0.001440 0.999998 -0.891026
0.999999 -0.000375 0.001558 0.002607 0.000378 0.999999 -0.001561 0.009547 -0.001558 0.001562 0.999998 -0.897835
0.999999 0.000545 0.001105 0.002551 -0.000545 1.000000 -0.000054 0.009047 -0.001105 0.000054 0.999999 -0.904169
0.999998 0.000259 0.001721 0.003674 -0.000260 1.000000 0.000833 0.008084 -0.001721 -0.000833 0.999998 -0.906533
0.999998 0.001591 0.001197 -0.002253 -0.001592 0.999998 0.000782 0.005853 -0.001196 -0.000784 0.999999 -0.912792
1.000000 0.000243 0.000687 0.001459 -0.000242 0.999999 -0.001665 0.005836 -0.000688 0.001665 0.999998 -0.930896
0.999999 -0.001161 0.000078 0.002669 0.001161 0.999994 -0.003341 0.009955 -0.000074 0.003341 0.999994 -0.927483
1.000000 -0.000676 -0.000687 0.004199 0.000673 0.999993 -0.003701 0.011071 0.000689 0.003700 0.999993 -0.940885
0.999998 0.001374 -0.001419 -0.000229 -0.001378 0.999995 -0.002794 0.010393 0.001415 0.002796 0.999995 -0.938033
0.999999 -0.000163 -0.001419 0.000476 0.000162 1.000000 -0.000762 0.012059 0.001419 0.000761 0.999999 -0.936253
0.999999 -0.000429 -0.001336 0.002290 0.000433 0.999996 0.002823 0.010010 0.001335 -0.002824 0.999995 -0.940117
0.999999 -0.001145 -0.000935 0.005865 0.001150 0.999988 0.004833 0.005377 0.000929 -0.004834 0.999988 -0.940256
0.999999 0.000678 -0.001244 0.003713 -0.000674 0.999996 0.002871 0.005583 0.001246 -0.002870 0.999995 -0.945479
0.999996 0.002635 -0.000586 -0.002022 -0.002636 0.999996 -0.001067 0.009031 0.000584 0.001068 0.999999 -0.960114
0.999998 0.002199 0.000323 -0.000028 -0.002198 0.999985 -0.004971 0.011914 -0.000334 0.004971 0.999988 -0.975046
0.999992 0.004005 0.000868 -0.001313 -0.004002 0.999986 -0.003456 0.014890 -0.000882 0.003453 0.999994 -0.981271
0.999973 0.007300 0.001075 -0.006408 -0.007300 0.999973 0.000652 0.012023 -0.001070 -0.000659 0.999999 -0.973976
0.999997 0.001771 0.001507 -0.001900 -0.001777 0.999991 0.003898 0.007118 -0.001500 -0.003900 0.999991 -0.978423
0.999999 -0.000575 0.001441 0.005437 0.000569 0.999992 0.003890 0.006405 -0.001443 -0.003889 0.999991 -0.978227
0.999996 -0.001600 0.002216 0.002005 0.001598 0.999998 0.000738 0.007934 -0.002217 -0.000734 0.999997 -0.976713
1.000000 -0.000026 0.000852 0.002964 0.000027 0.999999 -0.001338 0.009120 -0.000852 0.001338 0.999999 -0.998179
0.999994 -0.003063 0.001286 0.006397 0.003066 0.999991 -0.002779 0.012883 -0.001277 0.002783 0.999995 -0.989388
0.999999 -0.000027 0.001336 0.003183 0.000029 0.999999 -0.001279 0.012010 -0.001336 0.001280 0.999998 -1.003649
0.999999 -0.001356 0.001060 0.002342 0.001359 0.999996 -0.002528 0.012274 -0.001057 0.002530 0.999996 -0.985634
1.000000 0.000184 -0.000048 0.001661 -0.000184 0.999995 -0.003001 0.015002 0.000047 0.003001 0.999995 -1.001391
0.999982 -0.005938 0.000613 0.011407 0.005939 0.999980 -0.002276 0.016013 -0.000599 0.002280 0.999997 -0.989395
1.000000 0.000077 0.000187 0.005702 -0.000077 1.000000 0.000548 0.014506 -0.000187 -0.000548 1.000000 -0.997099
1.000000 -0.000222 -0.000232 0.006977 0.000223 0.999999 0.001645 0.011190 0.000232 -0.001645 0.999999 -0.987337
0.999997 -0.002494 -0.000108 0.010644 0.002495 0.999994 0.002248 0.010777 0.000103 -0.002248 0.999997 -0.988074
0.999999 0.000300 0.001043 -0.000060 -0.000300 1.000000 -0.000125 0.015462 -0.001043 0.000125 0.999999 -0.993202
0.999997 0.001930 0.001393 -0.002676 -0.001929 0.999997 -0.001180 0.014082 -0.001395 0.001178 0.999998 -0.984288
0.999999 -0.000369 0.000955 0.001881 0.000370 0.999999 -0.001025 0.014313 -0.000955 0.001025 0.999999 -0.988586
0.999997 -0.002401 0.000271 0.010771 0.002400 0.999990 0.003724 0.008360 -0.000280 -0.003723 0.999993 -0.975496
0.999999 -0.000856 0.000809 0.009935 0.000853 0.999991 0.004262 0.006461 -0.000812 -0.004261 0.999991 -0.966520
0.999999 -0.000900 0.000754 0.001141 0.000899 0.999999 0.001263 0.008225 -0.000755 -0.001262 0.999999 -0.968163
0.999999 0.001612 0.000176 0.001179 -0.001611 0.999993 -0.003476 0.012513 -0.000182 0.003476 0.999994 -0.978167
0.999998 0.002032 0.000292 -0.001815 -0.002031 0.999993 -0.003068 0.016204 -0.000298 0.003067 0.999995 -0.972034
0.999998 0.001717 0.000326 -0.000953 -0.001717 0.999998 -0.000576 0.015228 -0.000327 0.000575 1.000000 -0.960298
0.999996 0.002956 0.000313 -0.003784 -0.002956 0.999995 0.001276 0.013789 -0.000309 -0.001277 0.999999 -0.959432
0.999997 0.002498 0.000545 -0.003300 -0.002498 0.999996 0.001385 0.011749 -0.000541 -0.001387 0.999999 -0.956386
0.999998 0.001401 0.001089 0.000691 -0.001399 0.999998 -0.001117 0.012446 -0.001091 0.001115 0.999999 -0.949899
0.999995 0.003079 0.001106 -0.001785 -0.003074 0.999987 -0.004002 0.014593 -0.001119 0.003998 0.999991 -0.948764
0.999999 0.000975 0.000570 -0.000784 -0.000973 0.999988 -0.004876 0.017259 -0.000575 0.004875 0.999988 -0.945831
0.999998 -0.001656 0.000546 0.006001 0.001657 0.999996 -0.002230 0.017892 -0.000542 0.002230 0.999997 -0.946739
0.999998 -0.001537 0.001485 0.005990 0.001531 0.999991 0.003973 0.015142 -0.001491 -0.003970 0.999991 -0.934469
0.999996 -0.002360 0.001466 0.003213 0.002349 0.999967 0.007820 0.009431 -0.001485 -0.007817 0.999968 -0.917096
0.999997 -0.002444 0.000923 0.004897 0.002440 0.999985 0.004822 0.009806 -0.000935 -0.004819 0.999988 -0.912890
0.999987 -0.005018 0.001079 0.009621 0.005019 0.999987 -0.000925 0.012433 -0.001075 0.000930 0.999999 -0.909057
0.999995 -0.002903 0.000991 0.006911 0.002905 0.999993 -0.002336 0.019770 -0.000984 0.002339 0.999997 -0.885568
0.999996 -0.002471 0.001172 0.004328 0.002473 0.999996 -0.001627 0.019025 -0.001168 0.001630 0.999998 -0.891903
0.999999 -0.000856 0.001093 0.006486 0.000856 1.000000 0.000236 0.013314 -0.001093 -0.000235 0.999999 -0.865746
0.999997 -0.001847 0.001620 0.007513 0.001849 0.999998 -0.000919 0.017033 -0.001618 0.000922 0.999998 -0.851034
0.999999 -0.000837 0.001301 0.009267 0.000837 0.999999 -0.000563 0.015755 -0.001301 0.000564 0.999999 -0.846380
0.999999 0.000031 0.001621 -0.000671 -0.000030 1.000000 -0.000526 0.017332 -0.001621 0.000526 0.999999 -0.821851
0.999999 -0.000086 0.001357 0.002208 0.000087 0.999999 -0.001138 0.016750 -0.001357 0.001138 0.999998 -0.807071
0.999996 -0.002562 0.001380 0.007417 0.002565 0.999993 -0.002662 0.013696 -0.001373 0.002666 0.999996 -0.797620
0.999998 -0.001118 0.001352 0.005005 0.001124 0.999991 -0.004139 0.016817 -0.001348 0.004141 0.999991 -0.789263
0.999994 -0.003025 0.001825 0.004791 0.003028 0.999994 -0.001764 0.017455 -0.001820 0.001770 0.999997 -0.776088
0.999994 -0.003183 0.001394 0.006003 0.003178 0.999987 0.004044 0.017298 -0.001407 -0.004040 0.999991 -0.748086
0.999999 -0.000589 0.001311 0.004913 0.000580 0.999973 0.007274 0.011100 -0.001315 -0.007274 0.999973 -0.729400
0.999999 0.000352 0.001465 0.002111 -0.000361 0.999983 0.005854 0.005933 -0.001463 -0.005855 0.999982 -0.710280
0.999999 -0.000889 0.000471 0.006930 0.000889 0.999999 0.001232 0.003441 -0.000472 -0.001231 0.999999 -0.700264
0.999997 -0.002251 0.000842 0.009657 0.002254 0.999991 -0.003477 0.009248 -0.000834 0.003479 0.999994 -0.679026
0.999999 0.000140 0.001456 0.003379 -0.000136 0.999997 -0.002294 0.017799 -0.001456 0.002294 0.999996 -0.663353
0.999995 0.002907 0.001165 -0.002391 -0.002911 0.999990 0.003365 0.009596 -0.001155 -0.003369 0.999994 -0.641337
0.999971 0.007623 -0.000036 -0.006488 -0.007623 0.999957 0.005320 0.006472 0.000077 -0.005319 0.999986 -0.618633
0.999993 0.003534 -0.000968 -0.004811 -0.003529 0.999985 0.004290 0.017730 0.000983 -0.004287 0.999990 -0.594044
0.999992 -0.002526 -0.002944 0.000669 0.002526 0.999997 0.000116 0.007532 0.002943 -0.000124 0.999996 -0.587260
0.999980 -0.004719 -0.004101 0.011769 0.004706 0.999984 -0.003181 0.011558 0.004116 0.003162 0.999987 -0.574871
0.999988 0.001833 -0.004476 -0.004444 -0.001847 0.999994 -0.003073 0.008384 0.004470 0.003081 0.999985 -0.560639
0.999976 0.004029 -0.005699 -0.006615 -0.004053 0.999983 -0.004292 0.012201 0.005682 0.004315 0.999975 -0.547994
0.999956 0.004629 -0.008150 -0.010047 -0.004658 0.999982 -0.003660 0.018732 0.008133 0.003698 0.999960 -0.529978
0.999936 -0.003729 -0.010708 -0.001720 0.003729 0.999993 0.000061 0.011222 0.010708 -0.000101 0.999943 -0.516541
0.999871 -0.005287 -0.015140 0.002938 0.005291 0.999986 0.000262 0.010146 0.015138 -0.000343 0.999885 -0.502510
0.999824 -0.005070 -0.018074 -0.001156 0.005054 0.999987 -0.000899 0.008249 0.018078 0.000807 0.999836 -0.490244
0.999756 0.001584 -0.022019 -0.015180 -0.001601 0.999998 -0.000770 0.005453 0.022018 0.000805 0.999757 -0.482528
0.999657 0.003404 -0.025956 -0.028378 -0.003437 0.999993 -0.001226 0.008816 0.025952 0.001314 0.999662 -0.471693
0.999567 0.000932 -0.029393 -0.025173 -0.000987 0.999998 -0.001841 0.009353 0.029391 0.001869 0.999566 -0.461356
0.999454 0.000212 -0.033044 -0.024864 -0.000271 0.999998 -0.001783 0.009606 0.033044 0.001791 0.999452 -0.456120
0.999289 -0.000186 -0.037689 -0.025539 0.000153 1.000000 -0.000873 0.008004 0.037690 0.000867 0.999289 -0.451675
