1.000000000 0.000000000 0.000000000 -0.000000000 0.000000000 1.000000000 -0.000000000 -0.000000238 0.000000000 -0.000000000 0.999999940 -0.000000001
0.999991417 -0.002452774 -0.003343707 -0.003153383 0.002445369 0.999994576 -0.002216767 -0.005059362 0.003349126 0.002208570 0.999991894 0.666578889
0.999969244 -0.001616481 -0.007679242 -0.005849079 0.001590096 0.999992788 -0.003440775 -0.011190495 0.007684749 0.003428459 0.999964595 1.371929884
0.999933839 -0.001398672 -0.011419102 -0.023590552 0.001342629 0.999987006 -0.004914086 -0.012352305 0.011425828 0.004898429 0.999922633 2.072436571
0.999866188 -0.000185434 -0.016359674 -0.042886727 0.000093087 0.999984145 -0.005645338 -0.014543219 0.016360460 0.005643059 0.999850154 2.802874327
0.999786913 -0.001052600 -0.020617701 -0.059852161 0.000938652 0.999984205 -0.005535619 -0.030757815 0.020623203 0.005515085 0.999772131 3.537524700
0.999684393 0.000687167 -0.025113141 -0.086203709 -0.000860041 0.999975979 -0.006873661 -0.034405183 0.025107818 0.006893090 0.999660969 4.291024208
0.999555469 0.003510706 -0.029610701 -0.121693581 -0.003736013 0.999964416 -0.007557114 -0.044001285 0.029583119 0.007664379 0.999532938 5.050084114
0.999408901 0.003775335 -0.034170490 -0.148652107 -0.003975461 0.999975383 -0.005790664 -0.051307037 0.034147777 0.005923085 0.999399245 5.855777740
0.999242067 0.003115460 -0.038803425 -0.181938499 -0.003245451 0.999989450 -0.003287423 -0.056399047 0.038792767 0.003410866 0.999241471 6.655908108
0.999117196 0.002743705 -0.041919909 -0.224980772 -0.002768675 0.999996126 -0.000537582 -0.064139493 0.041918267 0.000653171 0.999120772 7.460645676
0.999007821 0.004297516 -0.044327181 -0.271878570 -0.004372670 0.999989212 -0.001598610 -0.069007032 0.044319835 0.001790852 0.999015749 8.273306847
0.998915911 0.003802493 -0.046394669 -0.317515045 -0.003890835 0.999990880 -0.001813978 -0.074317716 0.046387333 0.001992525 0.998921514 9.094116211
0.998853207 0.001302525 -0.047860738 -0.362507135 -0.001422377 0.999995887 -0.002470213 -0.081018500 0.047857329 0.002535455 0.998850942 9.921031952
0.998731554 0.000452488 -0.050350379 -0.398777038 -0.000531318 0.999998629 -0.001552268 -0.089086376 0.050349597 0.001577051 0.998730361 10.770764351
0.998650134 -0.001098213 -0.051929817 -0.444845855 0.000998324 0.999997616 -0.001949439 -0.095601916 0.051931817 0.001894965 0.998648822 11.620085716
0.998552978 0.001021423 -0.053768978 -0.497310460 -0.001243658 0.999990880 -0.004099864 -0.106136262 0.053764287 0.004160800 0.998544931 12.482081413
0.998489738 0.001380319 -0.054921318 -0.549646795 -0.001737134 0.999977648 -0.006449616 -0.119833499 0.054911189 0.006535281 0.998469830 13.349448204
0.998390615 0.005122464 -0.056478776 -0.609727800 -0.005578593 0.999953032 -0.007921423 -0.133862630 0.056435537 0.008223746 0.998372316 14.223854065
0.998323083 0.006247252 -0.057549056 -0.664321780 -0.006684249 0.999950230 -0.007404095 -0.146333143 0.057499930 0.007776352 0.998315156 15.115013123
0.998241246 0.005417407 -0.059035137 -0.720259607 -0.005785521 0.999964893 -0.006066359 -0.159632146 0.059000187 0.006397238 0.998237431 15.995743752
0.998173237 0.005987979 -0.060119573 -0.784065723 -0.006276630 0.999969721 -0.004613578 -0.171489239 0.060090113 0.004982498 0.998180449 16.892490387
0.998131752 0.005961104 -0.060808122 -0.845865726 -0.006249513 0.999970138 -0.004553844 -0.188252762 0.060779162 0.004925358 0.998139024 17.795652390
0.998010039 0.005670094 -0.062798530 -0.901778817 -0.006018987 0.999967396 -0.005367972 -0.199612260 0.062766038 0.005735273 0.998011708 18.698339462
0.997959435 0.004086330 -0.063720644 -0.966884315 -0.004467610 0.999972939 -0.005842295 -0.213299543 0.063695036 0.006115051 0.997950613 19.612344742
0.997909367 0.003805627 -0.064515993 -1.021027684 -0.004102034 0.999981642 -0.004462466 -0.221839219 0.064497828 0.004717783 0.997906566 20.528987885
0.997905076 0.005627813 -0.064450130 -1.085336685 -0.005713754 0.999983013 -0.001149215 -0.232889473 0.064442560 0.001515060 0.997920156 21.457185745
0.997976065 0.006688036 -0.063238017 -1.150079012 -0.006533522 0.999975085 0.002649849 -0.242388070 0.063254163 -0.002231318 0.997994840 22.384609222
0.998079121 0.005687319 -0.061691005 -1.211923361 -0.005367911 0.999971271 0.005342023 -0.246185660 0.061719626 -0.005000609 0.998080909 23.316986084
0.998155653 0.005408849 -0.060464803 -1.268262506 -0.005028366 0.999966562 0.006443041 -0.256350219 0.060497638 -0.006127119 0.998149514 24.262632370
0.998241067 0.005929008 -0.058989361 -1.326539159 -0.005735416 0.999977589 0.003450598 -0.261695385 0.059008498 -0.003106200 0.998252571 25.208343506
0.998291433 0.006358147 -0.058085740 -1.387031078 -0.006432552 0.999978602 -0.001094060 -0.267150849 0.058077551 0.001465830 0.998310983 26.145463943
0.998357713 0.006099399 -0.056961831 -1.439648747 -0.006330106 0.999972343 -0.003870667 -0.283721715 0.056936651 0.004224884 0.998368740 27.091156006
0.998398423 0.003318091 -0.056475312 -1.489142418 -0.003500893 0.999988854 -0.003138230 -0.290773869 0.056464262 0.003330918 0.998399019 28.050872803
0.998412430 0.002012784 -0.056288943 -1.554973602 -0.001919381 0.999996662 0.001713350 -0.299668044 0.056292195 -0.001602591 0.998412907 29.025779724
0.998375773 -0.001924519 -0.056940358 -1.607204437 0.002247208 0.999981701 0.005603675 -0.314842999 0.056928527 -0.005722529 0.998361766 29.979425430
0.998259842 -0.009391663 -0.058217041 -1.653516293 0.009703258 0.999940038 0.005071963 -0.322379500 0.058165908 -0.005628031 0.998291016 30.956626892
0.998163581 -0.011744533 -0.059427243 -1.709498763 0.011833780 0.999929309 0.001150138 -0.326988012 0.059409536 -0.001851275 0.998231888 31.920492172
0.998088777 -0.011231183 -0.060769282 -1.773652911 0.011058566 0.999933779 -0.003176070 -0.330810636 0.060800940 0.002497978 0.998146772 32.895580292
0.997988164 -0.010307513 -0.062556632 -1.851510048 0.010099857 0.999942362 -0.003634774 -0.343101770 0.062590487 0.002995649 0.998034716 33.880836487
0.997924328 -0.010337946 -0.063562751 -1.900375605 0.010245268 0.999945879 -0.001783856 -0.363379389 0.063577749 0.001128935 0.997976363 34.850402832
0.997867286 -0.007372233 -0.064858191 -1.970246553 0.007451020 0.999971747 0.000972952 -0.375535995 0.064849183 -0.001454137 0.997894049 35.848941803
0.997781098 -0.007611033 -0.066142708 -2.038404942 0.007799429 0.999966204 0.002590615 -0.390527546 0.066120744 -0.003100742 0.997806668 36.832431793
0.997729599 -0.006396464 -0.067042477 -2.108325481 0.006764156 0.999963284 0.005258924 -0.398560047 0.067006387 -0.005700470 0.997736156 37.807613373
0.997730970 -0.006302849 -0.067033656 -2.170668840 0.006858730 0.999943972 0.008065635 -0.405757755 0.066979080 -0.008507099 0.997718036 38.797027588
0.997712493 -0.000658189 -0.067598350 -2.248700380 0.001362073 0.999945283 0.010367174 -0.407679468 0.067587852 -0.010435531 0.997658730 39.781055450
0.997696340 -0.000438623 -0.067835912 -2.321918249 0.001101013 0.999952078 0.009727505 -0.413616836 0.067828387 -0.009779786 0.997649014 40.781250000
0.997712553 -0.000466952 -0.067597315 -2.396090269 0.001015478 0.999966860 0.008080482 -0.414934874 0.067591280 -0.008130642 0.997680008 41.775901794
0.997699201 0.002076152 -0.067761771 -2.468414307 -0.001681349 0.999981225 0.005882849 -0.424139827 0.067772694 -0.005755384 0.997684181 42.756683350
0.997643292 0.001461830 -0.068598531 -2.534437180 -0.001066122 0.999982595 0.005804717 -0.423697799 0.068605825 -0.005717903 0.997627437 43.739746094
0.997565687 0.000025498 -0.069733366 -2.606391430 0.000448391 0.999976993 0.006780066 -0.430191815 0.069731943 -0.006794829 0.997542679 44.722816467
0.997514904 0.000595068 -0.070452131 -2.678624153 -0.000030773 0.999967933 0.008010438 -0.440379798 0.070454635 -0.007988364 0.997482955 45.695068359
0.997488737 0.002177628 -0.070792153 -2.746094465 -0.001853653 0.999987483 0.004641795 -0.449040651 0.070801377 -0.004498914 0.997480154 46.670562744
0.997421086 0.002792148 -0.071718208 -2.824657202 -0.002757652 0.999996066 0.000579998 -0.456833780 0.071719535 -0.000380730 0.997424662 47.638881683
0.997392356 0.004069700 -0.072054863 -2.903597832 -0.004142898 0.999990940 -0.000866453 -0.462115377 0.072050713 0.001162709 0.997400224 48.592624664
0.997373223 0.002152651 -0.072401278 -2.971176624 -0.001953481 0.999994040 0.002821600 -0.476853669 0.072406948 -0.002672754 0.997371495 49.576347351
0.997366309 0.000309261 -0.072527468 -3.042533159 0.000108904 0.999983430 0.005761583 -0.484629005 0.072528042 -0.005754308 0.997349679 50.546714783
0.997357607 -0.001136865 -0.072639115 -3.117327690 0.001614166 0.999977410 0.006512482 -0.497577161 0.072630070 -0.006612525 0.997337043 51.505260468
0.997307241 -0.004484879 -0.073199123 -3.175794601 0.004887267 0.999973893 0.005318978 -0.504871070 0.073173366 -0.005662399 0.997303188 52.462284088
0.997279167 -0.007281031 -0.073357098 -3.247534037 0.007613511 0.999961972 0.004253733 -0.515660524 0.073323339 -0.004800663 0.997296631 53.417022705
0.997167468 -0.008831686 -0.074693605 -3.316590071 0.009234092 0.999944568 0.005043780 -0.520062327 0.074644931 -0.005719222 0.997193635 54.375007629
0.997024596 -0.012553586 -0.076054230 -3.376013756 0.013306626 0.999867260 0.009402713 -0.528898954 0.075926073 -0.010386763 0.997059286 55.321018219
0.996991515 -0.013142578 -0.076387644 -3.453313828 0.014251731 0.999800444 0.013993125 -0.528327227 0.076188482 -0.015039683 0.996979952 56.265232086
0.996959567 -0.011269727 -0.077101432 -3.530607224 0.012569906 0.999786496 0.016398748 -0.529158533 0.076900169 -0.017318046 0.996888280 57.203861237
0.996822476 -0.010580966 -0.078948371 -3.601418972 0.011584272 0.999857664 0.012261203 -0.529528260 0.078807399 -0.013136803 0.996803164 58.156246185
0.996775508 -0.008852173 -0.079750195 -3.683315516 0.009276819 0.999944568 0.004955777 -0.542314053 0.079701923 -0.005679626 0.996802449 59.063266754
0.996733010 -0.006537453 -0.080501497 -3.765109539 0.006538710 0.999978483 -0.000248009 -0.546177030 0.080501385 -0.000279177 0.996754408 59.975154877
0.996651709 -0.002174917 -0.081734076 -3.843200684 0.002231186 0.999997258 0.000597115 -0.554654598 0.081732556 -0.000777479 0.996653914 60.876735687
0.996583700 0.000334446 -0.082588829 -3.931451321 -0.000053383 0.999994218 0.003405336 -0.573816180 0.082589485 -0.003389294 0.996577919 61.780616760
0.996505558 0.002912574 -0.083475523 -4.011538982 -0.002507184 0.999984562 0.004960810 -0.585692167 0.083488688 -0.004734187 0.996497512 62.665676117
0.996357918 0.003580499 -0.085194506 -4.080844879 -0.003177206 0.999983132 0.004868905 -0.599755585 0.085210495 -0.004580492 0.996352434 63.546974182
0.996266067 0.005239225 -0.086177550 -4.170442104 -0.004754975 0.999971688 0.005823520 -0.610365152 0.086205624 -0.005392003 0.996262789 64.396392822
0.996136963 0.006176087 -0.087596200 -4.248838425 -0.005622796 0.999962687 0.006561714 -0.621196508 0.087633446 -0.006043829 0.996134460 65.239677429
0.996002853 0.005832608 -0.089129567 -4.321754932 -0.005238183 0.999962389 0.006901680 -0.630656242 0.089166462 -0.006407218 0.995996058 66.062431335
0.995930791 0.005944990 -0.089923657 -4.396887779 -0.005270718 0.999956191 0.007733874 -0.634475946 0.089965701 -0.007228442 0.995918632 66.867523193
0.995751619 0.008526221 -0.091684632 -4.475397110 -0.007591308 0.999915659 0.010540973 -0.641914010 0.091766767 -0.009800185 0.995732248 67.670265198
0.995631218 0.010406954 -0.092791729 -4.554759502 -0.009071411 0.999849319 0.014803128 -0.648998618 0.092931800 -0.013896704 0.995575428 68.452629089
0.995420277 0.013038903 -0.094701841 -4.634761810 -0.011517148 0.999795854 0.016597748 -0.652093172 0.094898932 -0.015431043 0.995367289 69.236793518
0.995270491 0.016194802 -0.095783383 -4.717072487 -0.015085596 0.999810576 0.012293198 -0.657121718 0.095964327 -0.010790108 0.995326281 69.984848022
0.995123267 0.015725726 -0.097377330 -4.789672852 -0.015280945 0.999869049 0.005311747 -0.668204010 0.097448111 -0.003797823 0.995233357 70.716484070
0.994987249 0.015038915 -0.098864123 -4.862242699 -0.015166298 0.999884784 -0.000536999 -0.674172044 0.098844655 0.002033710 0.995100796 71.424217224
0.994947731 0.015703203 -0.099158145 -4.938932419 -0.015960507 0.999871016 -0.001802133 -0.677590370 0.099117048 0.003375642 0.995070040 72.119132996
0.994830549 0.018298395 -0.099886067 -5.015844822 -0.018222181 0.999832630 0.001675361 -0.685671091 0.099899977 0.000153442 0.994997442 72.791488647
0.994681060 0.018816130 -0.101269692 -5.089370728 -0.018496901 0.999820530 0.004090457 -0.705363512 0.101328470 -0.002195525 0.994850695 73.442680359
0.994651616 0.015467047 -0.102122843 -5.155706406 -0.015462098 0.999879956 0.000840126 -0.715785801 0.102123573 0.000743401 0.994771481 74.074562073
0.994733512 0.007338205 -0.102232255 -5.203077316 -0.007821483 0.999960005 -0.004327195 -0.727486908 0.102196418 0.005104013 0.994751096 74.688522339
0.994866610 0.003358221 -0.101139493 -5.259151459 -0.004324765 0.999947011 -0.009338796 -0.730769217 0.101102784 0.009728260 0.994828403 75.288131714
0.995135784 0.005500896 -0.098359421 -5.314246655 -0.006453312 0.999935269 -0.009367468 -0.746953487 0.098301530 0.009956647 0.995106876 75.871307373
0.995510817 0.010537822 -0.094058961 -5.379628658 -0.011198658 0.999916136 -0.006500665 -0.758145332 0.093982585 0.007524816 0.995545387 76.436927795
0.995963633 0.009200172 -0.089285202 -5.431772709 -0.009524723 0.999949515 -0.003209597 -0.769953191 0.089251161 0.004047057 0.996000946 76.994163513
0.996478856 0.005673132 -0.083652109 -5.466955185 -0.005646506 0.999983907 0.000554867 -0.773281276 0.083653919 -0.000080571 0.996494889 77.539413452
0.997151911 0.000849296 -0.075414360 -5.495995998 -0.000520179 0.999990225 0.004383655 -0.792274773 0.075417355 -0.004331941 0.997142673 78.067558289
0.997881949 0.004634099 -0.064885698 -5.523516178 -0.004362912 0.999981165 0.004320547 -0.800614417 0.064904496 -0.004028304 0.997883260 78.581817627
0.998717129 0.009779991 -0.049683835 -5.553624153 -0.009609712 0.999947131 0.003664975 -0.804592550 0.049717057 -0.003182825 0.998758137 79.087356567
0.999389291 0.014806082 -0.031652190 -5.566962719 -0.014679320 0.999883354 0.004233511 -0.810284495 0.031711180 -0.003766292 0.999489903 79.583488464
0.999867082 0.013349912 -0.009353500 -5.559861660 -0.013302754 0.999898612 0.005086115 -0.819644809 0.009420462 -0.004961010 0.999943256 80.060638428
0.999810934 0.009941817 0.016722182 -5.526299953 -0.010041764 0.999932110 0.005903475 -0.822986305 -0.016662357 -0.006070278 0.999842703 80.507865906
0.998900652 0.008784874 0.046049658 -5.479876518 -0.009145040 0.999929190 0.007616441 -0.832030952 -0.045979485 -0.008029195 0.998910069 80.963111877
0.996835232 0.008165887 0.079074979 -5.422736168 -0.008912948 0.999918878 0.009099176 -0.839112222 -0.078994259 -0.009775170 0.996827066 81.411178589
0.993120372 0.008264367 0.116806522 -5.350942612 -0.009435656 0.999910593 0.009478189 -0.840700805 -0.116717733 -0.010515127 0.993109405 81.846969604
0.987315536 0.008288286 0.158553958 -5.265507698 -0.009903143 0.999906838 0.009397526 -0.844163060 -0.158461288 -0.010848504 0.987305582 82.256599426
0.979009509 0.008025926 0.203656673 -5.149637222 -0.010135573 0.999905288 0.009317935 -0.848410726 -0.203562602 -0.011186524 0.978998065 82.673599243
0.967416465 0.010077469 0.252990007 -5.019176483 -0.012361092 0.999895930 0.007438651 -0.858060896 -0.252888680 -0.010323505 0.967440307 83.080139160
0.951935470 0.011447724 0.306084633 -4.866876602 -0.013495586 0.999898434 0.004575095 -0.863868713 -0.306001157 -0.008485988 0.951993287 83.459136963
0.932127237 0.011931790 0.361934304 -4.685476303 -0.013563461 0.999906063 0.001967765 -0.863304317 -0.361876786 -0.006743290 0.932201564 83.831535339
0.907877088 0.011144186 0.419088483 -4.496196747 -0.012729049 0.999918461 0.000985785 -0.878866732 -0.419043303 -0.006229569 0.907944798 84.163925171
0.878569126 0.012037099 0.477463335 -4.292217255 -0.013239023 0.999912024 -0.000847482 -0.885725915 -0.477431566 -0.005576577 0.878651202 84.473129272
0.845025182 0.010932335 0.534614623 -4.050090790 -0.011015094 0.999934793 -0.003036928 -0.890190721 -0.534612894 -0.003322550 0.845090449 84.775238037
0.807982564 0.010490833 0.589112878 -3.788990021 -0.009987692 0.999941707 -0.004108447 -0.900286973 -0.589121699 -0.002564325 0.808040202 85.064880371
0.768385530 0.009361753 0.639918685 -3.508571625 -0.009052816 0.999952018 -0.003758679 -0.903882861 -0.639923215 -0.002904951 0.768433332 85.328178406
0.726015389 0.009008357 0.687619448 -3.216197968 -0.010339247 0.999944210 -0.002183477 -0.904874623 -0.687600732 -0.005524228 0.726068020 85.568618774
0.681137383 0.008147337 0.732110262 -2.913162231 -0.009314279 0.999953628 -0.002462270 -0.907895684 -0.732096314 -0.005141935 0.681181669 85.785827637
0.635116220 0.006023378 0.772393107 -2.580745697 -0.006207332 0.999977171 -0.002694044 -0.926271439 -0.772391558 -0.003083469 0.635139108 85.990524292
0.589413226 0.003181283 0.807825446 -2.249027252 0.000386196 0.999991000 -0.004219826 -0.925618529 -0.807831585 0.002799200 0.589406669 86.152526855
0.542661607 0.005044785 0.839936316 -1.916351318 -0.001810434 0.999986589 -0.004836396 -0.936690569 -0.839949429 0.001103877 0.542663574 86.320312500
0.495907843 0.008280406 0.868335724 -1.576438904 -0.005112954 0.999965012 -0.006615601 -0.938847065 -0.868360162 -0.001159034 0.495932758 86.474960327
0.450531304 0.009967688 0.892704964 -1.237350464 -0.005840112 0.999949098 -0.008217751 -0.949839234 -0.892741561 -0.001511144 0.450566530 86.605949402
0.407603323 0.007885419 0.913124979 -0.880987167 0.000497822 0.999960601 -0.008857518 -0.956392407 -0.913158953 0.004064928 0.407583356 86.727066040
0.367464870 0.000222026 0.930037379 -0.517152786 0.014981571 0.999868751 -0.006158032 -0.962994456 -0.929916680 0.016196283 0.367413372 86.826416016
0.332142025 -0.003154173 0.943224192 -0.150722504 0.019103613 0.999811709 -0.003383641 -0.964361310 -0.943036020 0.019142836 0.332139760 86.916656494
0.298705995 0.000512794 0.954345047 0.213415146 0.016288459 0.999851346 -0.005635466 -0.974083602 -0.954206228 0.017228158 0.298653305 87.013702393
0.267982543 0.008148273 0.963389277 0.583419800 0.005617740 0.999933958 -0.010020031 -0.987387776 -0.963407397 0.008097266 0.267919093 87.111877441
0.239498049 0.012917789 0.970810950 0.963363647 0.000491459 0.999909759 -0.013426228 -1.001496434 -0.970896840 0.003692669 0.239470080 87.199203491
0.213801071 0.014544522 0.976768911 1.354230881 0.001929337 0.999880850 -0.015310974 -1.014705420 -0.976875305 0.005158020 0.213747561 87.264030457
0.190218240 0.015993500 0.981611550 1.763648987 0.009091538 0.999795675 -0.018051550 -1.022818327 -0.981699705 0.012358095 0.190034002 87.321502686
0.170353413 0.021941017 0.985138714 2.176627159 0.015925014 0.999560177 -0.025016017 -1.025182247 -0.985254407 0.019949909 0.169929087 87.361816406
0.150507435 0.029006790 0.988183200 2.599808693 0.018913111 0.999301970 -0.032213774 -1.017431021 -0.988427937 0.023538025 0.149853751 87.416633606
0.132890582 0.029677492 0.990686238 3.039141655 0.016656719 0.999343514 -0.032171164 -1.030103207 -0.990990758 0.020776831 0.132309005 87.471778870
0.117721632 0.025440020 0.992720664 3.501338959 0.014475527 0.999521613 -0.027330887 -1.052819729 -0.992941141 0.017587591 0.117297068 87.519767761
0.102954909 0.022249939 0.994437099 3.969213486 0.014057964 0.999617457 -0.023821274 -1.072690487 -0.994586706 0.016432278 0.102602735 87.564949036
0.089660555 0.019772345 0.995776057 4.457569122 0.016824648 0.999630153 -0.021363774 -1.086185694 -0.995830238 0.018669071 0.089294724 87.598693848
0.078020118 0.018887069 0.996772885 4.951916695 0.020322576 0.999582648 -0.020531012 -1.101268411 -0.996744573 0.021858824 0.077603720 87.624305725
0.067835957 0.019731803 0.997501373 5.466163635 0.023779776 0.999488413 -0.021388272 -1.112089515 -0.997413039 0.025171250 0.067332014 87.652328491
0.059973106 0.020312859 0.997993350 6.003201962 0.025752092 0.999428570 -0.021889612 -1.123424768 -0.997867763 0.027013198 0.059415739 87.678199768
0.054515708 0.020390321 0.998304725 6.546628952 0.027744945 0.999374568 -0.021927278 -1.141039968 -0.998127341 0.028893288 0.053915877 87.696235657
0.049119987 0.021354288 0.998564541 7.105811119 0.029198090 0.999313474 -0.022806579 -1.155427456 -0.998365998 0.030276434 0.048462756 87.716819763
0.043237537 0.022107750 0.998820186 7.692809105 0.029342040 0.999295771 -0.023388458 -1.172666073 -0.998633802 0.030318683 0.042558402 87.739212036
0.038397070 0.022158625 0.999017000 8.293720245 0.031625148 0.999226391 -0.023378775 -1.186324954 -0.998761952 0.032491736 0.037666589 87.762832642
0.035587251 0.022233739 0.999119222 8.916854858 0.032960735 0.999182343 -0.023409164 -1.201748610 -0.998822868 0.033764772 0.034825314 87.779335022
0.032618914 0.021579981 0.999234796 9.553240776 0.033987176 0.999164701 -0.022687942 -1.222375631 -0.998889804 0.034701228 0.031858224 87.794563293
0.030143419 0.020896204 0.999327183 10.209106445 0.036099315 0.999106407 -0.021980481 -1.241382957 -0.998893499 0.036737587 0.029362150 87.812683105
0.029580982 0.020600956 0.999350071 10.882687569 0.040613521 0.998937190 -0.021794617 -1.257967472 -0.998736918 0.041231830 0.028712865 87.823768616
0.030726794 0.020112425 0.999325514 11.572220802 0.044257287 0.998789608 -0.021462440 -1.275387287 -0.998547435 0.044886902 0.029799482 87.839241028
0.033009484 0.019933440 0.999256253 12.279426575 0.046062097 0.998708308 -0.021444131 -1.296403408 -0.998392940 0.046735696 0.032048672 87.865600586
0.036965672 0.020013843 0.999116123 13.005753517 0.048476472 0.998586357 -0.021796785 -1.315655470 -0.998139977 0.049239352 0.035943214 87.888824463
0.041348789 0.019367309 0.998957038 13.748787880 0.048966490 0.998571336 -0.021386649 -1.336411357 -0.997944057 0.049799729 0.040341359 87.920570374
0.045525376 0.017823612 0.998804212 14.503043175 0.050555483 0.998518407 -0.020122828 -1.354364991 -0.997682989 0.051411122 0.044556841 87.952735901
0.049080975 0.016419685 0.998659790 15.266611099 0.049541574 0.998594046 -0.018853417 -1.374205232 -0.997565269 0.050400514 0.048198506 88.000488281
0.053353891 0.014190634 0.998474777 16.050935745 0.047109451 0.998749912 -0.016711853 -1.390863895 -0.997463763 0.047929253 0.052618671 88.046752930
0.056875691 0.013196180 0.998294055 16.842758179 0.046376169 0.998798311 -0.015845029 -1.408614039 -0.997303545 0.047198251 0.056195356 88.108459473
0.061256938 0.013937796 0.998024702 17.650268555 0.043971531 0.998893976 -0.016648829 -1.429772854 -0.997152984 0.044904530 0.060576327 88.163208008
0.064395182 0.018128920 0.997759759 18.454851151 0.041569509 0.998918414 -0.020832859 -1.452237368 -0.997058213 0.042817920 0.063571922 88.213874817
0.065755755 0.023657028 0.997555315 19.256086349 0.035754103 0.999021113 -0.026048589 -1.472191215 -0.997194946 0.037379548 0.064845540 88.277244568
0.065464333 0.026668785 0.997498453 20.062587738 0.032926638 0.999040663 -0.028870944 -1.499595165 -0.997311354 0.034734290 0.064523421 88.340209961
0.065792285 0.026153337 0.997490585 20.889459610 0.030406626 0.999139667 -0.028202128 -1.532345533 -0.997369885 0.032185804 0.064940445 88.399162292
0.065874688 0.024296496 0.997532129 21.701068878 0.027496368 0.999279737 -0.026154855 -1.565286160 -0.997448921 0.029151460 0.065159164 88.458969116
0.066055760 0.023010325 0.997550607 22.521520615 0.028704671 0.999276519 -0.024950899 -1.597823381 -0.997402906 0.030282510 0.065347463 88.511199951
0.065811232 0.022059087 0.997588277 23.344726562 0.026041349 0.999377072 -0.023816597 -1.633185863 -0.997492075 0.027545948 0.065195784 88.584236145
0.065887727 0.022513909 0.997573078 24.157007217 0.024318170 0.999412239 -0.024161579 -1.666006684 -0.997530639 0.025851103 0.065301500 88.641616821
0.065630116 0.022970205 0.997579694 24.970287323 0.021192057 0.999477386 -0.024408113 -1.700076103 -0.997618973 0.022742672 0.065109015 88.707321167
0.064577974 0.024311526 0.997616529 25.785100937 0.018342372 0.999505401 -0.025544899 -1.731099725 -0.997744083 0.019948293 0.064100109 88.769073486
0.061690349 0.024247643 0.997800708 26.596446991 0.015302017 0.999564350 -0.025236564 -1.758471251 -0.997978032 0.016825218 0.061292436 88.824096680
0.057835184 0.023251534 0.998055339 27.411977768 0.013002297 0.999626398 -0.024041589 -1.783596635 -0.998241425 0.014367458 0.057511244 88.878593445
0.053232834 0.020809136 0.998365223 28.225046158 0.011110210 0.999708652 -0.021429531 -1.813035011 -0.998520315 0.012232802 0.052986123 88.924514771
0.046884779 0.018716468 0.998724937 29.032304764 0.008630750 0.999779522 -0.019141400 -1.841764688 -0.998862982 0.009517184 0.046712898 88.966865540
0.039421611 0.018923655 0.999043405 29.842247009 0.008813926 0.999775231 -0.019285303 -1.869013429 -0.999183774 0.009565752 0.039245956 89.000091553
0.030922946 0.019694392 0.999327719 30.643585205 0.008627968 0.999763310 -0.019969959 -1.895692825 -0.999484539 0.009239699 0.030745700 89.024070740
0.021183301 0.019896057 0.999577582 31.450321198 0.009192672 0.999755740 -0.020094413 -1.923628807 -0.999733269 0.009614456 0.020995224 89.040458679
0.010535812 0.019175958 0.999760628 32.239318848 0.010356229 0.999760449 -0.019285088 -1.948426008 -0.999890804 0.010556933 0.010334697 89.047889709
-0.000365722 0.018107915 0.999835968 33.034545898 0.009170490 0.999794066 -0.018103801 -1.976629615 -0.999957860 0.009162365 -0.000531707 89.050552368
-0.011438239 0.017378977 0.999783635 33.819400787 0.010626521 0.999794722 -0.017257594 -2.001618862 -0.999878109 0.010426823 -0.011620569 89.038337708
-0.022415550 0.017857125 0.999589264 34.599430084 0.010813825 0.999786317 -0.017618148 -2.025042772 -0.999690235 0.010414463 -0.022603868 89.020805359
-0.033537775 0.018525485 0.999265730 35.377929688 0.010796538 0.999776602 -0.018172596 -2.048871040 -0.999379098 0.010179141 -0.033730291 88.994178772
-0.043978561 0.019383462 0.998844445 36.151336670 0.010156938 0.999768734 -0.018954195 -2.077617407 -0.998980939 0.009311620 -0.044165261 88.952911377
-0.054312307 0.020497246 0.998313665 36.913364410 0.010729766 0.999743581 -0.019942863 -2.100005627 -0.998466372 0.009628527 -0.054518308 88.910934448
-0.063940838 0.020943796 0.997734010 37.668823242 0.012151079 0.999721944 -0.020206815 -2.132772923 -0.997879684 0.010831500 -0.064177550 88.856460571
-0.073413156 0.021502066 0.997069836 38.435527802 0.012303609 0.999710917 -0.020653125 -2.157742500 -0.997225642 0.010751345 -0.073656477 88.796081543
-0.082767598 0.022018565 0.996325672 39.175090790 0.013003089 0.999694586 -0.021012818 -2.183128119 -0.996484041 0.011216130 -0.083028629 88.734939575
-0.091219485 0.021342836 0.995602131 39.904750824 0.014419285 0.999693811 -0.020109421 -2.207695246 -0.995726407 0.012521499 -0.091499306 88.659027100
-0.098582171 0.020172417 0.994924366 40.634407043 0.015958428 0.999697983 -0.018687958 -2.234625101 -0.995000899 0.014035132 -0.098874308 88.581192017
-0.103896081 0.018733555 0.994411588 41.357852936 0.018716969 0.999682307 -0.016877297 -2.257775307 -0.994412065 0.016858883 -0.104213715 88.506477356
-0.107493713 0.017212993 0.994056702 42.063163757 0.021880796 0.999648809 -0.014943713 -2.280014515 -0.993964970 0.020144394 -0.107832596 88.419387817
-0.110372677 0.016032757 0.993760884 42.778034210 0.023464490 0.999633193 -0.013521401 -2.299000025 -0.993613183 0.021825705 -0.110708378 88.341033936
-0.112030707 0.015074664 0.993590355 43.462707520 0.023494143 0.999645591 -0.012517489 -2.320416212 -0.993426859 0.021941209 -0.112345159 88.264839172
-0.112863377 0.015613752 0.993487775 44.130668640 0.024606321 0.999613822 -0.012914671 -2.338576794 -0.993305743 0.022988496 -0.113203973 88.184959412
-0.111725770 0.016714197 0.993598461 44.781417847 0.025131177 0.999586284 -0.013989030 -2.356225491 -0.993421137 0.023407368 -0.112099603 88.112113953
-0.108736768 0.018175304 0.993904412 45.403778076 0.026168741 0.999538720 -0.015415378 -2.379230499 -0.993726015 0.024333011 -0.109162234 88.045166016
-0.103757188 0.018690551 0.994426906 46.031608582 0.026300957 0.999525309 -0.016042167 -2.399600267 -0.994254827 0.024489891 -0.104199521 87.982757568
-0.095719531 0.019597236 0.995215237 46.626117706 0.026015552 0.999513805 -0.017179713 -2.416943073 -0.995068312 0.024246644 -0.096182816 87.929809570
-0.084542409 0.019568821 0.996227622 47.213394165 0.024564888 0.999544203 -0.017549327 -2.437217951 -0.996117055 0.022988560 -0.084984586 87.889587402
-0.071036734 0.019403188 0.997284949 47.766689301 0.023902986 0.999556780 -0.017744776 -2.464801788 -0.997187197 0.022577558 -0.071469039 87.861618042
-0.053833161 0.020535493 0.998338759 48.305717468 0.022477338 0.999560058 -0.019348579 -2.491530895 -0.998296976 0.021398406 -0.054271061 87.847030640
-0.032669540 0.023325792 0.999194026 48.832767487 0.020907182 0.999524713 -0.022649936 -2.510437489 -0.999247491 0.020150365 -0.033141695 87.846275330
-0.007791938 0.026469698 0.999619246 49.358104706 0.018916493 0.999474525 -0.026318414 -2.531619072 -0.999790728 0.018704217 -0.008288559 87.859809875
0.020012036 0.028040092 0.999406576 49.870605469 0.017196821 0.999449015 -0.028385632 -2.552787542 -0.999651849 0.017754665 0.019518804 87.899353027
0.053470410 0.027663212 0.998186171 50.382057190 0.014441909 0.999490142 -0.028472967 -2.573563576 -0.998464942 0.015938172 0.053043634 87.941795349
0.092841089 0.024882277 0.995370090 50.857028961 0.013627492 0.999562204 -0.026258152 -2.597909451 -0.995587587 0.016002228 0.092461362 87.980575562
0.134367034 0.021135068 0.990706205 51.389339447 0.011526478 0.999671698 -0.022889633 -2.620202065 -0.990864515 0.014494966 0.134079248 88.087394714
0.180094808 0.016906643 0.983503997 51.880828857 0.009151582 0.999780238 -0.018862231 -2.637938976 -0.983606637 0.012397607 0.179900482 88.198638916
0.228788733 0.013705087 0.973379731 52.363456726 0.004839577 0.999872565 -0.015215624 -2.653178215 -0.973463953 0.008191910 0.228693217 88.338058472
0.280314505 0.012052888 0.959832609 52.832069397 0.001091366 0.999916494 -0.012874964 -2.670546055 -0.959907532 0.004656567 0.280277908 88.510169983
0.334864944 0.011744323 0.942193031 53.276931763 -0.000520383 0.999924481 -0.012278991 -2.687062740 -0.942265868 0.003621501 0.334845781 88.705764771
0.390521437 0.013233481 0.920498729 53.702514648 0.002331250 0.999879301 -0.015363721 -2.689937592 -0.920590818 0.008145776 0.390443444 88.941268921
0.451162905 0.015735622 0.892302930 54.121765137 0.003626155 0.999804020 -0.019464828 -2.712277412 -0.892434239 0.012017434 0.451017350 89.178161621
0.511085749 0.018875668 0.859322488 54.516979218 0.004568423 0.999685049 -0.024675928 -2.731055260 -0.859517574 0.016537260 0.510838568 89.446777344
0.570474267 0.024281513 0.820956469 54.876548767 0.001152462 0.999538302 -0.030364275 -2.725159645 -0.821314692 0.018268159 0.570182800 89.724822998
0.623709381 0.026849648 0.781195223 55.194923401 -0.002643954 0.999476612 -0.032241035 -2.743570566 -0.781651855 0.018043587 0.623453915 90.066291809
0.677141488 0.027156666 0.735351682 55.521377563 -0.004079424 0.999441922 -0.033153065 -2.765656471 -0.735841572 0.019449502 0.676874340 90.408576965
0.725737631 0.024725316 0.687527299 55.809329987 -0.004159611 0.999493361 -0.031553671 -2.787998199 -0.687959015 0.020039840 0.725472808 90.768730164
0.770137370 0.022843139 0.637468934 56.054908752 -0.006997202 0.999600947 -0.027366381 -2.791271448 -0.637839615 0.016615372 0.769989848 91.151145935
0.812051058 0.018576236 0.583290696 56.314956665 -0.007620384 0.999745488 -0.021230191 -2.795266390 -0.583536625 0.012795095 0.811985970 91.558082581
0.848850310 0.016420331 0.528378308 56.536434174 -0.009988373 0.999837279 -0.015025266 -2.803085566 -0.528539002 0.007476558 0.848876119 91.981918335
0.879713297 0.013405748 0.475315422 56.715980530 -0.010957277 0.999908626 -0.007921606 -2.810400724 -0.475378096 0.001760579 0.879779875 92.413421631
0.905449808 0.014447709 0.424207449 56.878868103 -0.014926626 0.999886334 -0.002194097 -2.823749542 -0.424190879 -0.004345339 0.905562341 92.846786499
0.925214052 0.015922304 0.379111528 56.990058899 -0.017998707 0.999836206 0.001933346 -2.843722582 -0.379018545 -0.008612273 0.925348938 93.249000549
0.940297723 0.021044046 0.339701921 57.110481262 -0.024015782 0.999701202 0.004545839 -2.849818707 -0.339504749 -0.012432649 0.940522134 93.695587158
0.952204823 0.025217041 0.304417849 57.222221375 -0.027649492 0.999610841 0.003681618 -2.851309299 -0.304206550 -0.011922651 0.952531457 94.155166626
0.961347044 0.027615821 0.273951113 57.325763702 -0.029776342 0.999549568 0.003730671 -2.850203037 -0.273724675 -0.011743734 0.961736381 94.620857239
0.967423677 0.022313518 0.252177864 57.435234070 -0.024057830 0.999703109 0.003835474 -2.853664398 -0.252017438 -0.009777379 0.967673242 95.088562012
0.971417308 0.019603895 0.236567378 57.544258118 -0.021325961 0.999761343 0.004722498 -2.864691973 -0.236418366 -0.009632544 0.971603513 95.570571899
0.974219263 0.023910588 0.224332750 57.627731323 -0.025533313 0.999664485 0.004334981 -2.866921663 -0.224153876 -0.009951182 0.974502861 96.083541870
0.976311743 0.029181413 0.214392155 57.724201202 -0.031049479 0.999503493 0.005350215 -2.867663383 -0.214129686 -0.011880242 0.976732910 96.592094421
0.977195263 0.036724452 0.209142923 57.808006287 -0.038227130 0.999264121 0.003145915 -2.858943939 -0.208873540 -0.011069108 0.977880001 97.099761963
0.977783263 0.041934438 0.205381334 57.917625427 -0.042730790 0.999086380 -0.000558384 -2.856944799 -0.205217153 -0.008230127 0.978681803 97.571556091
0.977931559 0.043523766 0.204341993 58.026645660 -0.043812770 0.999034882 -0.003111800 -2.866724491 -0.204280198 -0.005909660 0.978894472 98.102783203
0.977369428 0.042219903 0.207283929 58.136558533 -0.041672572 0.999106646 -0.007008240 -2.869708300 -0.207394660 -0.001788415 0.978255570 98.645011902
0.976675987 0.041375399 0.210694268 58.263099670 -0.039570790 0.999135017 -0.012775710 -2.886804104 -0.211040616 0.004140389 0.977468431 99.198677063
0.975715637 0.040933441 0.215182364 58.380836487 -0.038039461 0.999121606 -0.017574830 -2.888164997 -0.215712741 0.008962614 0.976415694 99.758804321
0.974606872 0.045360085 0.219280556 58.511291504 -0.042552236 0.998940706 -0.017513327 -2.892436028 -0.219842717 0.007737728 0.975504637 100.327842712
0.973121643 0.048635893 0.225097343 58.635406494 -0.046736397 0.998812377 -0.013762655 -2.901654720 -0.225499332 0.002872496 0.974239111 100.918380737
0.972215950 0.045201935 0.229680195 58.783470154 -0.044227596 0.998977363 -0.009391028 -2.907502174 -0.229869783 -0.001028097 0.973220885 101.519378662
0.971454084 0.041257314 0.233612403 58.931900024 -0.041568115 0.999129176 -0.003595143 -2.921990395 -0.233557284 -0.006218313 0.972323120 102.143692017
0.970537484 0.039103780 0.237755954 59.077377319 -0.040486176 0.999179661 0.000932263 -2.929376364 -0.237524450 -0.010530625 0.971324563 102.770599365
0.970138609 0.033761986 0.240190014 59.249931335 -0.035275776 0.999375641 0.002004608 -2.942244291 -0.239972353 -0.010417636 0.970723748 103.393020630
0.970121324 0.030488124 0.240697280 59.410259247 -0.031120041 0.999514937 -0.001176252 -2.948976278 -0.240616396 -0.006349402 0.970599473 104.037521362
0.970324934 0.029534366 0.239994481 59.575607300 -0.028425639 0.999563336 -0.008080868 -2.958296776 -0.240128323 0.001019071 0.970740497 104.681961060
0.970441461 0.031870313 0.239223197 59.730777740 -0.029199220 0.999465525 -0.014702348 -2.966641426 -0.239563912 0.007282632 0.970853269 105.333778381
0.970944464 0.034848657 0.236753657 59.883304596 -0.031329039 0.999335885 -0.018613230 -2.976919651 -0.237245053 0.010655147 0.971391261 106.015487671
0.971652567 0.033200476 0.234070212 60.058372498 -0.030731646 0.999426961 -0.014187890 -2.983923912 -0.234407127 0.006592339 0.972116172 106.699203491
0.972119391 0.029122043 0.232670739 60.227165222 -0.028339084 0.999575853 -0.006707836 -2.997799397 -0.232767344 -0.000072856 0.972532511 107.408111572
0.972743094 0.029308366 0.230025902 60.393447876 -0.029973453 0.999550462 -0.000603076 -3.013806343 -0.229940161 -0.006308033 0.973184288 108.130027771
0.972950459 0.033429414 0.228582159 60.550743103 -0.034025636 0.999420047 -0.001333278 -3.022972345 -0.228494152 -0.006480439 0.973523676 108.852615356
0.973287225 0.038514234 0.226337522 60.712905884 -0.038129631 0.999254346 -0.006072482 -3.026869774 -0.226402655 -0.002719896 0.974030018 109.587142944
0.974179387 0.039443050 0.222303525 60.875801086 -0.037863098 0.999218225 -0.011366297 -3.035850525 -0.222578079 0.002655711 0.974911273 110.323989868
0.975082099 0.037830960 0.218594804 61.042427063 -0.035583034 0.999265671 -0.014212571 -3.049647808 -0.218971953 0.006080156 0.975712180 111.080467224
0.976039350 0.035713542 0.214643389 61.210132599 -0.033785358 0.999349117 -0.012646361 -3.063199043 -0.214955345 0.005091541 0.976610541 111.851463318
0.976901770 0.032068253 0.211268976 61.378562927 -0.030520508 0.999478042 -0.010583577 -3.078137398 -0.211498097 0.003891078 0.977370620 112.631759644
0.977285326 0.030776395 0.209681273 61.543609619 -0.029847424 0.999525547 -0.007594106 -3.097460032 -0.209815562 0.001163161 0.977740228 113.419944763
0.977650344 0.027269980 0.208461314 61.714221954 -0.026728306 0.999627948 -0.005415371 -3.105575085 -0.208531469 -0.000277479 0.978015542 114.221130371
0.977835774 0.022488281 0.208162367 61.884338379 -0.022126766 0.999746919 -0.004065337 -3.118616581 -0.208201110 -0.000630728 0.978085756 115.012718201
0.977991343 0.023281561 0.207343116 62.057739258 -0.023250630 0.999726295 -0.002586413 -3.128816843 -0.207346588 -0.002291369 0.978264809 115.828369141
0.977778912 0.028686745 0.207667053 62.222213745 -0.028371951 0.999587297 -0.004494758 -3.138523102 -0.207710296 -0.001497040 0.978189170 116.646804810
0.977477252 0.034410730 0.208216727 62.381744385 -0.033521201 0.999407530 -0.007800198 -3.148470163 -0.208361790 0.000644841 0.978051603 117.459152222
0.976961076 0.042873450 0.209066674 62.545539856 -0.041871712 0.999080539 -0.009217114 -3.161537647 -0.209269628 0.000250781 0.977857947 118.279602051
0.976018369 0.048997667 0.212102652 62.708011627 -0.048227057 0.998797536 -0.008808229 -3.178272486 -0.212279186 -0.001632094 0.977207661 119.098205566
0.975191355 0.051835224 0.215209499 62.877662659 -0.051547177 0.998646319 -0.006954617 -3.192276955 -0.215278700 -0.004311359 0.976543069 119.934028625
0.974599481 0.052726302 0.217660293 63.057567596 -0.052338213 0.998600781 -0.007551850 -3.212776661 -0.217753947 -0.004031920 0.975995302 120.756965637
0.974265099 0.050764918 0.219614431 63.236740112 -0.049654577 0.998710394 -0.010576366 -3.221004963 -0.219868138 -0.000600677 0.975529373 121.604598999
0.974310279 0.044434272 0.220782757 63.437377930 -0.043513652 0.999011993 -0.009034145 -3.242444515 -0.220966011 -0.000804999 0.975281119 122.430038452
0.974504411 0.037906606 0.221143410 63.629333496 -0.036488652 0.999278963 -0.010495124 -3.262295008 -0.221381769 0.002158321 0.975184739 123.265800476
0.974253118 0.037334580 0.222344413 63.818481445 -0.035904091 0.999300361 -0.010473819 -3.283211470 -0.222579852 0.002221078 0.974911928 124.085632324
0.973744810 0.039730359 0.224148303 64.007171631 -0.038989656 0.999209821 -0.007731418 -3.297178507 -0.224278301 -0.001211035 0.974524379 124.923965454
0.973347068 0.041753054 0.225504264 64.191070557 -0.042378429 0.999099374 -0.002068799 -3.311489344 -0.225387588 -0.007542860 0.974240005 125.753738403
0.972974062 0.045277696 0.226431966 64.371276855 -0.046950012 0.998895228 0.002002706 -3.326940298 -0.226091176 -0.012579568 0.974025011 126.580184937
0.972792745 0.044422023 0.227378562 64.559371948 -0.044616554 0.998994887 -0.004286776 -3.346409798 -0.227340490 -0.005974704 0.973797083 127.403587341
0.973045826 0.040114306 0.227096066 64.755142212 -0.036801055 0.999145567 -0.018806661 -3.361086845 -0.227656439 0.009942372 0.973690808 128.215438843
