before optimize: _trajectory.atId(it.first:
 1 -0  0 -0
-0  1 -0  0
 0 -0  1 -0
-0  0 -0  1
before optimize: _trajectory.atId(it.first:
   0.999991 -0.00265113 -0.00338543 -0.00293777
 0.00264387    0.999995 -0.00210797 -0.00576197
 0.00339157  0.00209903    0.999992    0.673247
          0           0           0           1
before optimize: _trajectory.atId(it.first:
   0.999972 -0.00138015 -0.00738832  -0.0162717
 0.00135245    0.999993 -0.00360541 -0.00995623
 0.00739391  0.00359546    0.999966     1.36215
          0           0           0           1
before optimize: _trajectory.atId(it.first:
   0.999933 -0.00144451   -0.011512  -0.0280763
 0.00138434    0.999986 -0.00511915  -0.0123475
    0.01152  0.00510281    0.999921      2.0767
          0           0           0           1
before optimize: _trajectory.atId(it.first:
    0.999865 -4.68692e-05   -0.0164525   -0.0468092
 -4.9028e-05     0.999984  -0.00574397   -0.0177683
   0.0164533   0.00574389     0.999848      2.80335
           0            0            0            1
[ pba.cpp:0850 ]: _trajectory.size() = 5, frame_id_start=  0[ pba.cpp:0890 ]: Using 8824 points (34319 residual blocks) [id start 0]
iter      cost      cost_change  |gradient|   |step|    tr_ratio  tr_radius  ls_iter  iter_time  total_time
   0  4.647865e+04    0.00e+00    1.82e+06   0.00e+00   0.00e+00  1.00e+04        0    3.33e-02    5.93e-02
   1  4.375005e+04    2.73e+03    1.45e+05   4.90e+01   1.32e+00  3.00e+04        1    4.92e-02    1.08e-01
   2  3.827802e+04    5.47e+03    3.59e+05   1.64e+02   1.33e+00  9.00e+04        1    5.45e-02    1.63e-01
   3  3.504130e+04    3.24e+03    1.08e+05   6.15e+02   1.22e+00  2.70e+05        1    5.53e-02    2.18e-01
   4  3.401622e+04    1.03e+03    8.19e+04   1.99e+03   9.43e-01  8.10e+05        1    4.83e-02    2.67e-01
   5  3.378359e+04    2.33e+02    5.75e+04   7.90e+03   3.81e-01  7.99e+05        1    4.88e-02    3.16e-01
   6  3.372047e+04    6.31e+01    3.23e+04   1.07e+04   1.49e-01  5.94e+05        1    4.61e-02    3.62e-01
   7  3.376000e+04   -3.95e+01    3.23e+04   9.07e+03  -1.03e-01  2.97e+05        1    2.51e-02    3.87e-01
   8  3.376404e+04   -4.36e+01    3.23e+04   4.61e+03  -1.17e-01  7.42e+04        1    2.77e-02    4.15e-01
   9  3.375869e+04   -3.82e+01    3.23e+04   1.19e+03  -1.07e-01  9.28e+03        1    2.54e-02    4.40e-01
  10  3.371984e+04    6.25e-01    2.22e+04   1.81e+02   1.94e-03  4.67e+03        1    4.88e-02    4.89e-01
  11  3.370908e+04    1.08e+01    1.67e+04   1.15e+02   4.06e-02  2.63e+03        1    5.23e-02    5.41e-01
  12  3.375155e+04   -4.25e+01    1.67e+04   8.14e+01  -1.90e-01  1.31e+03        1    2.83e-02    5.69e-01
  13  3.374564e+04   -3.66e+01    1.67e+04   4.49e+01  -1.70e-01  3.29e+02        1    2.90e-02    5.98e-01
  14  3.374141e+04   -3.23e+01    1.67e+04   2.31e+01  -1.64e-01  4.11e+01        1    2.45e-02    6.23e-01
  15  3.372627e+04   -1.72e+01    1.67e+04   2.08e+01  -9.57e-02  2.57e+00        1    2.47e-02    6.48e-01
  16  3.364072e+04    6.84e+01    1.12e+04   1.55e+01   4.72e-01  2.57e+00        1    5.14e-02    6.99e-01
  17  3.361862e+04    2.21e+01    8.45e+03   1.57e+01   2.88e-01  2.38e+00        1    5.07e-02    7.50e-01
  18  3.362131e+04   -2.68e+00    8.45e+03   1.69e+01  -5.23e-02  1.19e+00        1    2.35e-02    7.73e-01
  19  3.360758e+04    1.10e+01    1.09e+04   1.43e+01   2.58e-01  1.07e+00        1    4.85e-02    8.22e-01
  20  3.360104e+04    6.54e+00    9.47e+03   1.29e+01   2.01e-01  8.81e-01        1    4.68e-02    8.69e-01
  21  3.359826e+04    2.78e+00    1.16e+04   6.95e+00   1.10e-01  5.98e-01        1    5.12e-02    9.20e-01
  22  3.359623e+04    2.03e+00    1.11e+04   9.00e-01   1.23e-01  4.19e-01        1    4.69e-02    9.67e-01
  23  3.359759e+04   -1.36e+00    1.11e+04   3.08e-01  -1.64e-01  2.09e-01        1    2.41e-02    9.91e-01
  24  3.359560e+04    6.30e-01    1.39e+04   1.82e-01   1.23e-01  1.46e-01        1    4.78e-02    1.04e+00
  25  3.359642e+04   -8.20e-01    1.39e+04   9.48e-02  -3.07e-01  7.32e-02        1    2.61e-02    1.06e+00
  26  3.359596e+04   -3.62e-01    1.39e+04   5.07e-02  -2.46e-01  1.83e-02        1    2.34e-02    1.09e+00
Ceres Solver Report: Iterations: 27, Initial cost: 4.647865e+04, Final cost: 3.359560e+04, Termination: CONVERGENCE
"after optimize:_trajectory.atId(it.first:
 1  0 -0  0
-0  1  0  0
 0 -0  1 -0
 0  0  0  1
"after optimize:_trajectory.atId(it.first:
   0.999991   -0.002697 -0.00331631 -0.00193116
 0.00268987    0.999994 -0.00215228 -0.00468228
  0.0033221  0.00214334    0.999992    0.671555
          0           0           0           1
"after optimize:_trajectory.atId(it.first:
   0.999972 -0.00134819 -0.00737165  -0.0121981
 0.00132058    0.999992 -0.00374849 -0.00709224
 0.00737664  0.00373865    0.999966     1.36083
          0           0           0           1
"after optimize:_trajectory.atId(it.first:
   0.999935 -0.00141584  -0.0112744  -0.0267465
 0.00135695    0.999985 -0.00522931  -0.0105996
  0.0112817  0.00521367    0.999923      2.0672
          0           0           0           1
"after optimize:_trajectory.atId(it.first:
    0.999869 -0.000105713   -0.0161913   -0.0442557
  1.1329e-05     0.999983  -0.00582926   -0.0170705
   0.0161917   0.00582831     0.999852      2.79071
           0            0            0            1
removing 4096 old points
Frame 00005
 
 
 show T_inv() at 5 val:
     0.99999  -0.00112886  -0.00447978  -0.00739688
  0.00112814            1 -0.000195056  -0.00452766
  0.00447922  0.000189946      0.99999     0.743729
          -0            0           -0            1

 show _data.empty():0and !_data.empty():1
show back() at 5 val:
    0.999865 -4.68692e-05   -0.0164525   -0.0468092
 -4.9028e-05     0.999984  -0.00574397   -0.0177683
   0.0164533   0.00574389     0.999848      2.80335
           0            0            0            1
==================divide=======================: 

T_w_1: 
   0.999781  -0.0011787  -0.0209315  -0.0664411
 0.00105336    0.999982 -0.00593874  -0.0265675
  0.0209382  0.00591523    0.999763     3.54682
          0           0           0           1
T_abs: 
   0.999781  -0.0011787  -0.0209315  -0.0664411
 0.00105336    0.999982 -0.00593874  -0.0265675
  0.0209382  0.00591523    0.999763     3.54682
          0           0           0           1
ignore---start-------------: 

 
 
 show T_inv() at 5 val:
     0.99999  -0.00112886  -0.00447978  -0.00739688
  0.00112814            1 -0.000195056  -0.00452766
  0.00447922  0.000189946      0.99999     0.743729
          -0            0           -0            1

 show _data.empty():0and !_data.empty():1
show back() at 5 val:
    0.999869 -0.000105713   -0.0161913   -0.0442557
  1.1329e-05     0.999983  -0.00582926   -0.0170705
   0.0161917   0.00582831     0.999852      2.79071
           0            0            0            1
T_w_GT:   0.999786 -0.0012375 -0.0206703 -0.0636931
0.00111334   0.999982 -0.0060243 -0.0259335
 0.0206766 0.00599995   0.999768    3.53418
         0          0          0          1
ignore---end-------------: 

[ pba.cpp:0626 ]: updated 9474 [57.82%] max 12463 new 4096
[ pba.cpp:0630 ]: num_channels 1 num_new_points 4096
before optimize: _trajectory.atId(it.first:
   0.999991   -0.002697 -0.00331631 -0.00193116
 0.00268987    0.999994 -0.00215228 -0.00468228
  0.0033221  0.00214334    0.999992    0.671555
          0           0           0           1
before optimize: _trajectory.atId(it.first:
   0.999972 -0.00134819 -0.00737165  -0.0121981
 0.00132058    0.999992 -0.00374849 -0.00709224
 0.00737664  0.00373865    0.999966     1.36083
          0           0           0           1
before optimize: _trajectory.atId(it.first:
   0.999935 -0.00141584  -0.0112744  -0.0267465
 0.00135695    0.999985 -0.00522931  -0.0105996
  0.0112817  0.00521367    0.999923      2.0672
          0           0           0           1
before optimize: _trajectory.atId(it.first:
    0.999869 -0.000105713   -0.0161913   -0.0442557
  1.1329e-05     0.999983  -0.00582926   -0.0170705
   0.0161917   0.00582831     0.999852      2.79071
           0            0            0            1
before optimize: _trajectory.atId(it.first:
  0.999786 -0.0012375 -0.0206703 -0.0636931
0.00111334   0.999982 -0.0060243 -0.0259335
 0.0206766 0.00599995   0.999768    3.53418
         0          0          0          1
[ pba.cpp:0850 ]: _trajectory.size() = 6, frame_id_start=  1[ pba.cpp:0890 ]: Using 7964 points (30948 residual blocks) [id start 1]
iter      cost      cost_change  |gradient|   |step|    tr_ratio  tr_radius  ls_iter  iter_time  total_time
   0  2.667155e+04    0.00e+00    2.11e+06   0.00e+00   0.00e+00  1.00e+04        0    2.38e-02    4.42e-02
   1  2.407336e+04    2.60e+03    6.52e+05   5.10e+02   1.18e+00  3.00e+04        1    3.88e-02    8.30e-02
   2  2.341927e+04    6.54e+02    2.06e+05   1.40e+03   9.46e-01  9.00e+04        1    3.75e-02    1.21e-01
   3  2.332869e+04    9.06e+01    1.31e+05   4.27e+03   2.42e-01  7.92e+04        1    3.92e-02    1.60e-01
   4  2.325426e+04    7.44e+01    6.22e+04   3.80e+03   2.38e-01  6.92e+04        1    3.64e-02    1.96e-01
   5  2.327382e+04   -1.96e+01    6.22e+04   4.06e+03  -6.83e-02  3.46e+04        1    1.59e-02    2.12e-01
   6  2.326341e+04   -9.15e+00    6.22e+04   2.20e+03  -3.26e-02  8.65e+03        1    1.55e-02    2.28e-01
   7  2.323182e+04    2.24e+01    8.08e+04   6.06e+02   8.38e-02  5.48e+03        1    3.33e-02    2.61e-01
   8  2.315762e+04    7.42e+01    4.66e+04   5.27e+02   3.25e-01  5.26e+03        1    3.53e-02    2.96e-01
   9  2.320091e+04   -4.33e+01    4.66e+04   6.90e+02  -1.89e-01  2.63e+03        1    1.68e-02    3.13e-01
  10  2.318356e+04   -2.59e+01    4.66e+04   3.70e+02  -1.17e-01  6.58e+02        1    1.55e-02    3.29e-01
  11  2.315360e+04    4.02e+00    3.50e+04   1.29e+02   1.99e-02  3.49e+02        1    3.84e-02    3.67e-01
  12  2.312666e+04    2.69e+01    4.87e+04   1.50e+02   1.69e-01  2.71e+02        1    3.74e-02    4.05e-01
  13  2.314088e+04   -1.42e+01    4.87e+04   3.54e+02  -8.71e-02  1.35e+02        1    1.76e-02    4.22e-01
  14  2.313492e+04   -8.26e+00    4.87e+04   3.48e+02  -5.16e-02  3.38e+01        1    1.67e-02    4.39e-01
  15  2.311704e+04    9.62e+00    2.74e+04   3.26e+02   6.19e-02  2.02e+01        1    3.84e-02    4.77e-01
  16  2.307895e+04    3.81e+01    4.12e+04   1.79e+02   3.00e-01  1.90e+01        1    3.99e-02    5.17e-01
  17  2.307943e+04   -4.78e-01    4.12e+04   8.66e+02  -3.87e-03  9.51e+00        1    1.99e-02    5.37e-01
  18  2.306425e+04    1.47e+01    3.29e+04   8.44e+02   1.21e-01  6.62e+00        1    4.48e-02    5.82e-01
  19  2.302058e+04    4.37e+01    2.47e+04   3.73e+02   4.35e-01  6.60e+00        1    4.87e-02    6.31e-01
  20  2.303195e+04   -1.14e+01    2.47e+04   1.03e+02  -1.26e-01  3.30e+00        1    2.26e-02    6.53e-01
  21  2.300311e+04    1.75e+01    2.65e+04   9.57e+01   2.00e-01  2.72e+00        1    4.34e-02    6.97e-01
  22  2.297225e+04    3.09e+01    1.81e+04   1.81e+02   5.44e-01  2.72e+00        1    4.51e-02    7.42e-01
  23  2.297649e+04   -4.25e+00    1.81e+04   8.86e+01  -8.60e-02  1.36e+00        1    2.29e-02    7.65e-01
  24  2.294965e+04    2.26e+01    1.74e+04   5.98e+01   5.05e-01  1.36e+00        1    4.40e-02    8.09e-01
  25  2.293557e+04    1.41e+01    9.78e+03   9.38e+01   7.23e-01  1.49e+00        1    4.49e-02    8.54e-01
  26  2.293802e+04   -2.45e+00    9.78e+03   2.10e+02  -2.01e-01  7.46e-01        1    2.25e-02    8.76e-01
  27  2.293084e+04    4.73e+00    1.61e+04   1.57e+02   4.64e-01  7.45e-01        1    4.23e-02    9.19e-01
  28  2.292965e+04    1.19e+00    9.05e+03   1.43e+02   2.61e-01  6.72e-01        1    4.52e-02    9.64e-01
  29  2.292942e+04    2.21e-01    1.25e+04   1.67e+02   9.43e-02  4.38e-01        1    4.43e-02    1.01e+00
  30  2.292959e+04   -1.69e-01    1.25e+04   1.28e+02  -9.02e-02  2.19e-01        1    2.16e-02    1.03e+00
  31  2.292906e+04    3.65e-01    1.08e+04   8.35e+01   2.89e-01  2.04e-01        1    4.12e-02    1.07e+00
  32  2.292920e+04   -1.43e-01    1.08e+04   4.14e+00  -3.31e-01  1.02e-01        1    2.06e-02    1.09e+00
  33  2.292915e+04   -9.03e-02    1.08e+04   2.40e+00  -3.62e-01  2.54e-02        1    1.79e-02    1.11e+00
  34  2.292909e+04   -2.71e-02    1.08e+04   6.83e-01  -3.79e-01  3.18e-03        1    1.78e-02    1.13e+00
Ceres Solver Report: Iterations: 35, Initial cost: 2.667155e+04, Final cost: 2.292906e+04, Termination: CONVERGENCE
"after optimize:_trajectory.atId(it.first:
   0.999991   -0.002697 -0.00331631 -0.00193116
 0.00268987    0.999994 -0.00215228 -0.00468228
  0.0033221  0.00214334    0.999992    0.671555
          0           0           0           1
"after optimize:_trajectory.atId(it.first:
   0.999972 -0.00134884  -0.0073761   -0.011839
 0.00132134    0.999992 -0.00373201 -0.00737764
 0.00738107  0.00372216    0.999966     1.36036
          0           0           0           1
"after optimize:_trajectory.atId(it.first:
   0.999935 -0.00140767  -0.0112754  -0.0263658
   0.001349    0.999986 -0.00520955  -0.0109634
  0.0112825  0.00519401    0.999923     2.06645
          0           0           0           1
"after optimize:_trajectory.atId(it.first:
    0.999869 -9.96272e-05   -0.0161896   -0.0437276
 5.66803e-06     0.999983  -0.00580361   -0.0174917
   0.0161899   0.00580275     0.999852      2.78928
           0            0            0            1
"after optimize:_trajectory.atId(it.first:
   0.999788 -0.00119282  -0.0205509  -0.0623354
 0.00106989    0.999981 -0.00599166  -0.0270145
  0.0205576   0.0059684    0.999771     3.52702
          0           0           0           1
removing 4096 old points

