1 -0 0 -0 -0 1 -0 0 0 -0 1 -0 
0.999991 -0.00265113 -0.00338543 -0.00293777 0.00264387 0.999995 -0.00210797 -0.00576197 0.00339157 0.00209903 0.999992 0.673247 
0.999972 -0.00138015 -0.00738832 -0.0162717 0.00135245 0.999993 -0.00360541 -0.00995623 0.00739391 0.00359546 0.999966 1.36215 
0.999933 -0.00144451 -0.011512 -0.0280763 0.00138434 0.999986 -0.00511915 -0.0123475 0.01152 0.00510281 0.999921 2.0767 
0.999865 -4.68692e-05 -0.0164525 -0.0468092 -4.9028e-05 0.999984 -0.00574397 -0.0177683 0.0164533 0.00574389 0.999848 2.80335 
0.999781 -0.0011787 -0.0209315 -0.0664411 0.00105336 0.999982 -0.00593874 -0.0265675 0.0209382 0.00591523 0.999763 3.54682 
0.999673 0.000570814 -0.025582 -0.0917597 -0.000757243 0.999974 -0.00722927 -0.0337826 0.025578 0.00724639 0.999647 4.30726 
0.999521 0.00320674 -0.0307932 -0.119512 -0.00345239 0.999963 -0.00790137 -0.0408789 0.0307676 0.00800386 0.999495 5.08201 
0.999369 0.00353495 -0.0353622 -0.149183 -0.00376135 0.999973 -0.00631927 -0.0486272 0.0353403 0.00644853 0.999355 5.87169 
0.999195 0.00271192 -0.0400379 -0.18124 -0.00286273 0.999989 -0.00369794 -0.0557725 0.0400284 0.0038105 0.999192 6.67259 
0.99904 0.00232879 -0.0437526 -0.217397 -0.00237766 0.999997 -0.0010511 -0.0646798 0.0437507 0.0011542 0.999042 7.48749 
0.998904 0.00378738 -0.0466371 -0.259001 -0.00387159 0.999991 -0.00170393 -0.0731974 0.046631 0.00188301 0.99891 8.30504 
0.998794 0.00319057 -0.0489845 -0.302164 -0.00329437 0.999992 -0.0020322 -0.0773568 0.0489786 0.00219115 0.998797 9.12841 
0.998702 0.000127664 -0.0509352 -0.342358 -0.000266672 0.999996 -0.00270968 -0.0817711 0.0509356 0.00271984 0.998698 9.96173 
0.998596 2.56905e-05 -0.0529824 -0.391063 -0.000131762 0.999998 -0.00199441 -0.0882525 0.0529831 0.00199942 0.998593 10.7997 
0.998517 -0.0014966 -0.0544248 -0.440405 0.00137289 0.999996 -0.0023164 -0.0960123 0.0544295 0.00223892 0.998514 11.6521 
0.998409 0.0007953 -0.0563898 -0.49279 -0.00105718 0.999989 -0.00461132 -0.106873 0.0563873 0.00466402 0.998398 12.5081 
0.998328 0.00128163 -0.0577841 -0.54763 -0.00170428 0.999973 -0.0072509 -0.117561 0.0577753 0.00733754 0.998302 13.369 
0.998214 0.00524203 -0.059513 -0.60998 -0.00578354 0.999944 -0.00891787 -0.128755 0.0594652 0.00924645 0.998187 14.2409 
0.99814 0.00612834 -0.0606618 -0.669532 -0.00666138 0.999941 -0.00856622 -0.142594 0.0606083 0.00895464 0.998121 15.128 
0.998055 0.00524173 -0.0621305 -0.727728 -0.00569597 0.999959 -0.00711687 -0.1573 0.0620938 0.00745675 0.998042 16.0171 
0.997954 0.00571543 -0.0636765 -0.787556 -0.0060826 0.999967 -0.00554645 -0.171811 0.0636465 0.00592182 0.997954 16.9128 
0.997887 0.00517508 -0.0647789 -0.848719 -0.00554369 0.99997 -0.00548633 -0.185804 0.0647524 0.00583264 0.997884 17.8149 
0.997775 0.00486126 -0.0665003 -0.912709 -0.00529456 0.999966 -0.00631021 -0.199589 0.0664714 0.00664656 0.997766 18.7191 
0.997702 0.00322085 -0.0676971 -0.972273 -0.0037111 0.999968 -0.00708775 -0.21192 0.0676764 0.00732109 0.99768 19.6299 
0.997655 0.00309227 -0.0683775 -1.0374 -0.00347283 0.999979 -0.00542041 -0.222796 0.0683642 0.0056434 0.997644 20.5584 
0.997646 0.00447922 -0.0684408 -1.10358 -0.00463398 0.999987 -0.0020791 -0.234667 0.0684353 0.00238971 0.997653 21.4835 
0.997689 0.00540432 -0.0677358 -1.17157 -0.00530808 0.999984 0.00161821 -0.244193 0.0677487 -0.001256 0.997702 22.422 
0.997791 0.00421878 -0.0663085 -1.23358 -0.00393635 0.999982 0.00440659 -0.250453 0.0663313 -0.00413698 0.99779 23.358 
0.997883 0.00443081 -0.0648892 -1.29486 -0.00410568 0.999978 0.00516276 -0.257676 0.0649161 -0.00488578 0.997879 24.2923 
0.997967 0.00467944 -0.0635694 -1.35696 -0.00454179 0.999986 0.00233374 -0.265482 0.0635848 -0.00204023 0.997975 25.2304 
0.99802 0.00551932 -0.0626637 -1.42176 -0.00568945 0.99998 -0.00250451 -0.27318 0.0626544 0.00285603 0.998031 26.1684 
0.9981 0.00466631 -0.0614358 -1.48358 -0.00500876 0.999972 -0.00538169 -0.283833 0.0614146 0.00567895 0.998096 27.1118 
0.998146 0.00210119 -0.0608487 -1.54 -0.00237029 0.999987 -0.0043161 -0.297012 0.0608437 0.00445263 0.998138 28.0702 
0.998128 0.000210388 -0.0611708 -1.59962 -0.000172072 0.999999 0.000654958 -0.308288 0.0611758 -0.000643594 0.998127 29.0435 
0.998066 -0.00357266 -0.0620498 -1.65914 0.00383351 0.999983 0.0041076 -0.319142 0.0620392 -0.00433844 0.998064 30.023 
0.997946 -0.0108996 -0.0631156 -1.71409 0.011137 0.999931 0.00344367 -0.327739 0.0630786 -0.00414134 0.998 30.9955 
0.99783 -0.0129186 -0.0645695 -1.77528 0.0129132 0.999915 -0.000473461 -0.335295 0.064575 -0.000363845 0.997913 31.972 
0.997743 -0.0126016 -0.0659588 -1.84515 0.0123379 0.999913 -0.00438094 -0.346052 0.0660129 0.00355464 0.997813 32.9477 
0.997613 -0.0110554 -0.0681616 -1.91363 0.0107287 0.999929 -0.00514268 -0.35903 0.0682179 0.00439608 0.997662 33.9219 
0.997555 -0.0109372 -0.0690262 -1.98539 0.0106984 0.999935 -0.00381389 -0.371988 0.0690678 0.00306308 0.997608 34.9175 
0.997494 -0.00768617 -0.0703307 -2.06126 0.00763122 0.999971 -0.00104479 -0.385953 0.0703405 0.000502426 0.997524 35.904 
0.9974 -0.0075675 -0.0716731 -2.13627 0.00760253 0.999971 0.00022402 -0.397762 0.0716732 -0.000772349 0.997429 36.9048 
0.997332 -0.0060311 -0.0727458 -2.21024 0.00624647 0.999977 0.00274535 -0.407344 0.0727318 -0.00319703 0.997348 37.8877 
0.997334 -0.00599641 -0.0727163 -2.28462 0.00643019 0.999964 0.00574658 -0.416602 0.0726838 -0.00620344 0.997338 38.8864 
0.997308 9.2788e-05 -0.0733276 -2.36855 0.000496198 0.999968 0.00802223 -0.424683 0.0733302 -0.00804196 0.997277 39.8724 
0.997294 -2.42893e-05 -0.0735141 -2.44754 0.000574593 0.999972 0.00747413 -0.431739 0.0735161 -0.00750112 0.997268 40.8665 
0.997311 7.65634e-05 -0.0732829 -2.52685 0.000350245 0.999983 0.00582925 -0.437176 0.0732861 -0.0058443 0.997295 41.8507 
0.997316 0.00239937 -0.0731808 -2.6098 -0.00214511 0.999992 0.00358105 -0.444392 0.0731921 -0.00341982 0.997314 42.8354 
0.99724 0.00210948 -0.0742208 -2.68349 -0.00184125 0.999992 0.00370797 -0.456171 0.0742312 -0.00356675 0.997237 43.8259 
0.997138 0.000274071 -0.0756096 -2.75525 9.45505e-05 0.999989 0.00488784 -0.465442 0.075613 -0.00488731 0.997128 44.8076 
0.997065 0.000720464 -0.0765611 -2.83282 -0.000269797 0.999984 0.00591308 -0.473908 0.0765674 -0.00588104 0.99705 45.7932 
0.99704 0.0028283 -0.0768424 -2.91854 -0.00266918 0.999995 0.00218984 -0.480103 0.0768516 -0.00198455 0.997043 46.765 
0.996975 0.00335082 -0.0776639 -3.00353 -0.00352386 0.999993 -0.0020693 -0.488529 0.0776593 0.00233008 0.99698 47.7278 
0.996913 0.00414908 -0.0784209 -3.08063 -0.00442536 0.999985 -0.00332895 -0.499972 0.0784087 0.00365876 0.996917 48.6929 
0.996905 0.00281525 -0.0785871 -3.15871 -0.00281434 0.999996 0.000147538 -0.512337 0.0785903 6.68182e-05 0.996909 49.668 
0.996885 0.0010315 -0.0788754 -3.23359 -0.000782398 0.999995 0.00321577 -0.525417 0.0788812 -0.00315093 0.996882 50.6372 
0.99686 -0.000634569 -0.0792007 -3.30868 0.000935833 0.999993 0.00379146 -0.537003 0.0792007 -0.00386011 0.996854 51.5946 
0.996829 -0.00368274 -0.0795081 -3.38114 0.0038926 0.99999 0.00251426 -0.548365 0.0795007 -0.00282217 0.996833 52.5513 
0.996773 -0.00628373 -0.0800427 -3.45433 0.00639117 0.99998 0.0011258 -0.559016 0.0800361 -0.00163956 0.996793 53.5049 
0.996676 -0.00758962 -0.0811367 -3.532 0.00779258 0.999968 0.00223428 -0.569344 0.0811196 -0.00286454 0.996702 54.4516 
0.996557 -0.0103292 -0.0822809 -3.60813 0.0108734 0.999923 0.006224 -0.578012 0.0822134 -0.00710214 0.996592 55.3974 
0.996499 -0.0108968 -0.0829031 -3.68557 0.0118526 0.999869 0.0110927 -0.584767 0.0827748 -0.0120409 0.996498 56.3402 
0.996471 -0.0090605 -0.0834676 -3.77041 0.0102031 0.99986 0.0133169 -0.59011 0.0833384 -0.014125 0.996424 57.2833 
0.996359 -0.00786629 -0.0849167 -3.85562 0.00868615 0.99992 0.0093314 -0.596583 0.0848395 -0.0100392 0.996347 58.214 
0.996249 -0.0061902 -0.0863316 -3.93793 0.00633945 0.99998 0.00150232 -0.604657 0.0863241 -0.0020477 0.996268 59.1274 
0.996181 -0.00417597 -0.0872319 -4.0224 0.00389639 0.999988 -0.00332326 -0.617516 0.0872485 0.0029662 0.996185 60.0364 
0.996094 0.000904568 -0.088306 -4.11227 -0.00112519 0.999998 -0.00239705 -0.632117 0.088308 0.00248299 0.996093 60.941 
0.995999 0.00400482 -0.0892839 -4.1983 -0.00403025 0.999993 -5.70724e-05 -0.651909 0.0892874 0.000412533 0.996009 61.8224 
0.995881 0.00661308 -0.0904405 -4.2834 -0.00650138 0.999978 0.00157752 -0.669499 0.0904534 -0.000987283 0.995903 62.7103 
0.995776 0.00744396 -0.0915308 -4.3692 -0.00735589 0.999972 0.00134956 -0.681596 0.0915425 -0.000674909 0.995804 63.5718 
0.995611 0.00936874 -0.0931352 -4.4561 -0.00920114 0.999955 0.00228343 -0.696616 0.0931563 -0.00142084 0.995654 64.4185 
0.995481 0.0102552 -0.0944247 -4.54541 -0.0100344 0.999946 0.00285946 -0.709857 0.0944532 -0.00190327 0.995531 65.2602 
0.995326 0.0102749 -0.0960328 -4.62384 -0.00999888 0.999945 0.00340164 -0.724399 0.0960667 -0.00242981 0.995375 66.0784 
0.995194 0.0104713 -0.0973715 -4.7048 -0.0100797 0.99994 0.00455326 -0.737451 0.0974177 -0.00355402 0.995241 66.8815 
0.995029 0.0132838 -0.0987097 -4.7911 -0.0126346 0.999895 0.00723245 -0.745283 0.0987996 -0.00595386 0.995093 67.6745 
0.994879 0.0148103 -0.0999944 -4.87525 -0.0137431 0.999842 0.0113895 -0.75304 0.100152 -0.00996196 0.994925 68.4595 
0.994645 0.0179993 -0.101778 -4.95932 -0.0167465 0.999774 0.0131837 -0.760179 0.101998 -0.0114141 0.994722 69.2312 
0.99444 0.0207478 -0.103249 -5.04288 -0.0199109 0.99976 0.00916848 -0.770494 0.10342 -0.00706681 0.994615 69.9747 
0.994291 0.0205724 -0.104705 -5.12437 -0.0204883 0.999789 0.00192293 -0.780089 0.104728 0.0002289 0.994503 70.6996 
0.994144 0.0196005 -0.106278 -5.20207 -0.0201331 0.99979 -0.00390042 -0.788748 0.106185 0.00601343 0.99433 71.4056 
0.994077 0.0203528 -0.106772 -5.2838 -0.0210243 0.999766 -0.00512223 -0.79563 0.106648 0.00733219 0.994272 72.1011 
0.993938 0.0229645 -0.107529 -5.36663 -0.0232791 0.999729 -0.00162659 -0.805755 0.107468 0.00411531 0.994202 72.7751 
0.993784 0.0230753 -0.108924 -5.44265 -0.0231422 0.999733 0.000700501 -0.823006 0.108916 0.00181972 0.994051 73.4341 
0.993719 0.0198156 -0.110149 -5.51111 -0.0202349 0.999793 -0.00264025 -0.834342 0.110078 0.00484826 0.993913 74.0717 
0.993845 0.011654 -0.110177 -5.57289 -0.0126125 0.99989 -0.00796023 -0.845819 0.110076 0.009296 0.993881 74.6872 
0.993987 0.00767305 -0.109248 -5.63314 -0.00907195 0.999885 -0.0122586 -0.870873 0.109146 0.0131715 0.99394 75.278 
0.994282 0.0101715 -0.106323 -5.69633 -0.0115612 0.999857 -0.0124087 -0.885684 0.106187 0.0135631 0.994255 75.8617 
0.994651 0.0151886 -0.102197 -5.76696 -0.0162284 0.999826 -0.00929493 -0.902392 0.102043 0.0108995 0.994721 76.4322 
0.995125 0.0136656 -0.0977021 -5.81742 -0.0143537 0.999877 -0.00628665 -0.914363 0.0976099 0.00765439 0.995196 76.9905 
0.995712 0.010051 -0.0919867 -5.86137 -0.0102895 0.999945 -0.00205358 -0.927757 0.0919663 0.00298721 0.995758 77.5368 
0.996465 0.00574855 -0.0838479 -5.8959 -0.00564453 0.999983 0.00156042 -0.945718 0.0838606 -0.00108597 0.996478 78.0657 
0.997277 0.00946007 -0.0731738 -5.93209 -0.00938894 0.999955 0.00139896 -0.956233 0.0731886 -0.000712329 0.997318 78.581 
0.998207 0.0147179 -0.0580715 -5.96435 -0.0146951 0.999892 0.000914612 -0.965876 0.058084 -6.28188e-05 0.998312 79.0825 
0.999006 0.0198154 -0.0400042 -5.98297 -0.0197779 0.999803 0.00145621 -0.973432 0.0400309 -0.000666225 0.999199 79.5724 
0.999675 0.0182464 -0.0179827 -5.97658 -0.0182218 0.999833 0.0018253 -0.97828 0.0180184 -0.00149964 0.999838 80.0551 
0.999861 0.0148325 0.00799061 -5.94456 -0.0148595 0.999887 0.00266637 -0.986259 -0.00794498 -0.00278657 0.999966 80.5266 
0.999208 0.0138313 0.037402 -5.90228 -0.0139991 0.999894 0.00409747 -0.994073 -0.037336 -0.00461946 0.999294 80.9868 
0.997429 0.0134938 0.0704237 -5.84549 -0.0139149 0.999889 0.00542344 -1.00155 -0.0703376 -0.00639109 0.997505 81.44 
0.994064 0.0135851 0.107978 -5.77144 -0.0142952 0.999882 0.00576166 -1.00732 -0.107882 -0.00727308 0.994139 81.8864 
0.988619 0.0140004 0.149817 -5.67955 -0.0149958 0.999873 0.00548296 -1.01118 -0.149717 -0.00766873 0.988702 82.3235 
0.980677 0.013856 0.195166 -5.56838 -0.0151815 0.999871 0.00527175 -1.01794 -0.195063 -0.00813347 0.980759 82.7456 
0.969525 0.0161018 0.244479 -5.44125 -0.0173772 0.999845 0.00304021 -1.02795 -0.244388 -0.00719702 0.969653 83.1507 
0.954441 0.0169356 0.297931 -5.29372 -0.0177722 0.999842 8.23003e-05 -1.03943 -0.297878 -0.00537466 0.954591 83.5354 
0.935073 0.0170987 0.354051 -5.1222 -0.0174351 0.999846 -0.00225464 -1.0482 -0.354031 -0.0040656 0.935227 83.9037 
0.911183 0.0176807 0.41163 -4.92934 -0.0174616 0.999838 -0.00430625 -1.05561 -0.411635 -0.00326525 0.911345 84.2544 
0.882545 0.0177863 0.469897 -4.71372 -0.0167051 0.99984 -0.00648125 -1.06304 -0.469933 -0.00213076 0.882702 84.5854 
0.849484 0.0162089 0.52737 -4.47529 -0.0136826 0.999869 -0.00870059 -1.07349 -0.527438 0.000174019 0.849596 84.8941 
0.812964 0.0157987 0.582104 -4.21873 -0.0122797 0.999875 -0.00999599 -1.08565 -0.582185 0.000976955 0.813058 85.1834 
0.773176 0.0143398 0.634032 -3.94594 -0.0111845 0.999897 -0.00898258 -1.09889 -0.634092 -0.000147899 0.773261 85.4582 
0.730631 0.0140193 0.682631 -3.65525 -0.0124367 0.999897 -0.00723032 -1.10597 -0.682659 -0.0032082 0.730734 85.7141 
0.685529 0.0130292 0.727931 -3.34917 -0.011351 0.99991 -0.00721441 -1.11263 -0.727957 -0.00331791 0.68562 85.949 
0.639018 0.0117165 0.769104 -3.03113 -0.00778847 0.999931 -0.00876915 -1.12063 -0.769152 -0.000387403 0.63907 86.1589 
0.592308 0.00907219 0.805663 -2.69824 -0.00181554 0.999949 -0.00993234 -1.12879 -0.80571 0.0044204 0.592299 86.3457 
0.545557 0.0111711 0.838001 -2.36532 -0.00348734 0.999932 -0.0110663 -1.1392 -0.838067 0.00311519 0.545565 86.5203 
0.498101 0.0140988 0.867007 -2.02782 -0.007136 0.999901 -0.0121675 -1.14982 -0.867091 -0.000126127 0.498157 86.6831 
0.452543 0.0162847 0.891596 -1.68248 -0.00764437 0.999867 -0.0143892 -1.15964 -0.891711 -0.000303878 0.452613 86.824 
0.410295 0.0137589 0.911851 -1.32698 -0.000103891 0.999887 -0.0150476 -1.16639 -0.911954 0.00607877 0.410255 86.9377 
0.370962 0.0062322 0.928629 -0.958838 0.0151694 0.999804 -0.012776 -1.17069 -0.928525 0.0188255 0.3708 87.0283 
0.335688 0.00266394 0.941971 -0.592715 0.0195522 0.999762 -0.00980099 -1.17497 -0.941771 0.0217066 0.335561 87.1199 
0.30256 0.00684169 0.953107 -0.226969 0.017107 0.999775 -0.0126132 -1.18336 -0.952979 0.0201203 0.30238 87.2169 
0.271429 0.0145532 0.962349 0.139212 0.00645979 0.999837 -0.0169483 -1.19964 -0.962439 0.0108163 0.271296 87.3178 
0.243088 0.0188689 0.969822 0.518474 0.0020395 0.999799 -0.0199697 -1.21852 -0.970004 0.00683182 0.243008 87.4032 
0.217542 0.0205447 0.975836 0.910981 0.0035133 0.999756 -0.0218385 -1.23491 -0.976047 0.00817849 0.217423 87.4699 
0.194229 0.0218695 0.980713 1.31395 0.0110366 0.99964 -0.024484 -1.247 -0.980897 0.0155779 0.193925 87.5223 
0.174206 0.0281423 0.984307 1.72381 0.018058 0.999333 -0.0317751 -1.24928 -0.984547 0.0233087 0.173589 87.5666 
0.154574 0.0349034 0.987365 2.14451 0.0202924 0.999053 -0.038501 -1.25178 -0.987776 0.0259859 0.153726 87.6169 
0.136977 0.0357256 0.989931 2.58198 0.0179057 0.999097 -0.038542 -1.26748 -0.990415 0.0230037 0.136221 87.6719 
0.12148 0.0313314 0.9921 3.0368 0.0161424 0.999307 -0.0335437 -1.29194 -0.992466 0.0200883 0.120897 87.7216 
0.10698 0.0281023 0.993865 3.50674 0.016604 0.999411 -0.0300545 -1.3138 -0.994126 0.0197164 0.106457 87.7648 
0.0937723 0.0256167 0.995266 3.98819 0.0191087 0.999439 -0.0275335 -1.33254 -0.995414 0.0215995 0.093237 87.7992 
0.0822224 0.0247418 0.996308 4.48512 0.0229334 0.99938 -0.0267196 -1.34958 -0.996354 0.0250447 0.0816109 87.8287 
0.0721093 0.0253835 0.997075 4.9959 0.0261272 0.999285 -0.0273384 -1.36601 -0.997057 0.0280213 0.071402 87.8562 
0.0642686 0.0259183 0.997598 5.52066 0.0282035 0.999216 -0.0277867 -1.38284 -0.997537 0.0299205 0.0634944 87.8837 
0.058723 0.0262644 0.997931 6.06328 0.0299918 0.999156 -0.0280708 -1.4007 -0.997827 0.0315776 0.0578932 87.9098 
0.0531583 0.0273718 0.998213 6.62417 0.0312303 0.999089 -0.0290682 -1.41868 -0.9981 0.0327195 0.0522623 87.9359 
0.0472041 0.0280951 0.998492 7.20349 0.0317965 0.999055 -0.0296231 -1.43726 -0.998382 0.0331473 0.0462731 87.9601 
0.0429582 0.0281754 0.998681 7.80615 0.0343306 0.99897 -0.0296698 -1.45673 -0.99849 0.0355605 0.0419541 87.9801 
0.040128 0.0281567 0.998799 8.42468 0.0358773 0.998917 -0.0296118 -1.47727 -0.998553 0.037023 0.0390818 87.9997 
0.0371539 0.0277341 0.998926 9.06382 0.0368799 0.998894 -0.0291156 -1.49822 -0.998631 0.0379227 0.0360977 88.0208 
0.0347949 0.0272027 0.999026 9.71872 0.0389868 0.99883 -0.0285659 -1.51976 -0.998636 0.0399434 0.0337013 88.0404 
0.0342195 0.0268701 0.999054 10.3916 0.0435619 0.998647 -0.0283617 -1.54176 -0.998468 0.044491 0.0330101 88.0566 
0.0353323 0.0265332 0.999025 11.0825 0.0471291 0.99849 -0.028197 -1.56472 -0.998267 0.04808 0.0340356 88.0757 
0.0378402 0.0264697 0.998935 11.7895 0.0489207 0.9984 -0.0283204 -1.58804 -0.998089 0.0499408 0.0364919 88.1011 
0.0418478 0.0263525 0.998778 12.5154 0.0515362 0.998264 -0.0285097 -1.61292 -0.997797 0.0526669 0.0404243 88.1286 
0.0463392 0.02588 0.998592 13.257 0.0520358 0.998243 -0.028298 -1.63686 -0.997572 0.0532744 0.0449186 88.1607 
0.0505824 0.0242188 0.998428 14.0172 0.0536668 0.998195 -0.0269437 -1.6609 -0.997279 0.0549463 0.0491986 88.1963 
0.0546319 0.0227237 0.998249 14.7841 0.0534803 0.998238 -0.0256616 -1.68459 -0.997075 0.0547895 0.0533275 88.2408 
0.0586854 0.0207412 0.998063 15.5604 0.0502909 0.998452 -0.023718 -1.70874 -0.99701 0.0515863 0.057558 88.2946 
0.0625091 0.0197557 0.997851 16.3455 0.0492696 0.998523 -0.0228674 -1.73261 -0.996829 0.050594 0.06145 88.3554 
0.0664366 0.0208495 0.997574 17.1399 0.0464132 0.998633 -0.0239746 -1.75727 -0.996712 0.0478939 0.0653842 88.4171 
0.0695847 0.0249967 0.997264 17.9387 0.0443001 0.998621 -0.0281331 -1.78641 -0.996593 0.046137 0.0683866 88.4779 
0.0708157 0.0304286 0.997027 18.7402 0.0385074 0.998704 -0.0332262 -1.81409 -0.996748 0.0407463 0.0695575 88.5464 
0.0707393 0.0336064 0.99693 19.5528 0.0355175 0.998712 -0.036198 -1.8478 -0.996864 0.0379697 0.0694598 88.6083 
0.070947 0.0332111 0.996928 20.3673 0.0332012 0.998811 -0.0356482 -1.8831 -0.996929 0.0356288 0.0697658 88.6705 
0.0709588 0.0314756 0.996983 21.1813 0.0303058 0.998971 -0.0337066 -1.92205 -0.99702 0.0326064 0.0699381 88.7341 
0.0708759 0.0303506 0.997025 21.9999 0.0312565 0.998977 -0.0326432 -1.95767 -0.996996 0.0334775 0.0698611 88.7944 
0.0714076 0.0297373 0.997006 22.8193 0.0286596 0.99908 -0.0318635 -1.99547 -0.997037 0.0308488 0.0704959 88.8585 
0.0716712 0.030096 0.996976 23.634 0.026972 0.999119 -0.0321117 -2.03389 -0.997065 0.0291917 0.070803 88.9211 
0.0718367 0.0307384 0.996944 24.4452 0.0239371 0.999183 -0.0325445 -2.07157 -0.997131 0.0262018 0.0710481 88.9856 
0.070623 0.0322184 0.996984 25.2558 0.0210785 0.999205 -0.0337948 -2.10794 -0.997282 0.0234012 0.0698934 89.0507 
0.0678262 0.0318008 0.997192 26.0671 0.0180245 0.999288 -0.0331047 -2.14569 -0.997536 0.0202185 0.0672103 89.1132 
0.0639207 0.0305582 0.997488 26.8778 0.0154055 0.99938 -0.0316148 -2.18287 -0.997838 0.0173864 0.063416 89.1717 
0.0590302 0.0282037 0.997859 27.6886 0.0133574 0.999488 -0.029051 -2.21898 -0.998169 0.0150425 0.0586283 89.2254 
0.0527507 0.0261721 0.998266 28.4999 0.0111787 0.999577 -0.0268079 -2.25466 -0.998547 0.0125717 0.0524409 89.2729 
0.0454397 0.0264448 0.998619 29.3059 0.0107583 0.999577 -0.0269709 -2.28894 -0.998911 0.0119674 0.0451412 89.3107 
0.0368281 0.0274995 0.998945 30.1091 0.0106703 0.999553 -0.0279206 -2.32047 -0.999267 0.0116858 0.0365237 89.3403 
0.0269814 0.0279425 0.999248 30.915 0.0110774 0.999539 -0.0282616 -2.35161 -0.999577 0.0118307 0.0266649 89.3612 
0.0168381 0.0269532 0.999497 31.7136 0.0123091 0.999554 -0.0271742 -2.38433 -0.999785 0.0127594 0.0165042 89.3724 
0.00620772 0.0260193 0.999645 32.5081 0.011337 0.999594 -0.0261008 -2.41698 -0.999919 0.011494 0.00591539 89.3763 
-0.00474963 0.0252381 0.999673 33.2989 0.0127771 0.9996 -0.0251873 -2.44748 -0.999909 0.0126519 -0.00506512 89.3687 
-0.0156738 0.0256581 0.999551 34.0824 0.0131272 0.999589 -0.0254651 -2.47856 -0.999794 0.0127211 -0.0159992 89.3543 
-0.0265851 0.0263077 0.999303 34.8627 0.0138205 0.999566 -0.0259594 -2.51018 -0.999554 0.0131197 -0.0269324 89.3311 
-0.0370752 0.0273778 0.998941 35.6376 0.0135856 0.999545 -0.0269029 -2.54263 -0.999223 0.0125724 -0.0374259 89.3009 
-0.0472975 0.0284479 0.998479 36.4057 0.0145931 0.999506 -0.0277992 -2.57346 -0.998777 0.013255 -0.0476848 89.2625 
-0.0567026 0.0291285 0.99797 37.1669 0.0155227 0.999478 -0.0283036 -2.60565 -0.998274 0.0138851 -0.0571201 89.2162 
-0.066263 0.0296595 0.997365 37.9208 0.0164181 0.999453 -0.0286441 -2.63734 -0.99767 0.0144749 -0.066709 89.1636 
-0.0755247 0.0298527 0.9967 38.6615 0.0170502 0.999442 -0.0286566 -2.67242 -0.997001 0.0148282 -0.0759869 89.1037 
-0.084047 0.0293678 0.996032 39.3995 0.0182331 0.999442 -0.0279435 -2.70376 -0.996297 0.0158106 -0.0845314 89.0374 
-0.0912743 0.028154 0.995431 40.1273 0.0199139 0.999451 -0.0264556 -2.73666 -0.995629 0.0174065 -0.0917807 88.9651 
-0.0963922 0.0264573 0.994996 40.8446 0.02271 0.999443 -0.0243885 -2.76714 -0.995087 0.0202438 -0.0969351 88.8896 
-0.100131 0.0248566 0.994668 41.5533 0.0258064 0.999414 -0.0223908 -2.79528 -0.994642 0.0234254 -0.10071 88.8133 
-0.102867 0.023728 0.994416 42.2543 0.0274142 0.999401 -0.0210252 -2.82246 -0.99432 0.0250976 -0.103452 88.7401 
-0.104596 0.0228572 0.994256 42.9406 0.0277371 0.999411 -0.0200713 -2.84792 -0.994131 0.0254782 -0.105164 88.6686 
-0.105329 0.0232685 0.994169 43.6059 0.028618 0.99938 -0.0203725 -2.87351 -0.994029 0.026305 -0.105926 88.5967 
-0.104326 0.0242824 0.994251 44.2564 0.0294234 0.999337 -0.021334 -2.89978 -0.994112 0.0270282 -0.104967 88.5265 
-0.101411 0.0256882 0.994517 44.8846 0.0300427 0.999287 -0.0227627 -2.92922 -0.994394 0.0275692 -0.102106 88.4629 
-0.0961684 0.0261598 0.995025 45.4986 0.0300359 0.999273 -0.0233839 -2.95462 -0.994915 0.0276367 -0.09688 88.4052 
-0.0881307 0.0268692 0.99575 46.0956 0.0294671 0.999265 -0.0243714 -2.98048 -0.995677 0.0271931 -0.0888543 88.3584 
-0.0769402 0.0268366 0.996678 46.6717 0.0283281 0.999289 -0.0247358 -3.00571 -0.996637 0.0263293 -0.0776422 88.322 
-0.0632196 0.0270601 0.997636 47.2271 0.0274325 0.999298 -0.0253818 -3.03263 -0.997626 0.0257621 -0.0639148 88.2978 
-0.0458394 0.0284394 0.998548 47.7669 0.0265559 0.999272 -0.0272557 -3.05668 -0.9986 0.0252675 -0.0465579 88.2824 
-0.0243445 0.0310596 0.999225 48.2989 0.024982 0.99922 -0.030465 -3.08 -0.999395 0.0242208 -0.0250974 88.281 
0.000413561 0.0340176 0.999425 48.8255 0.0228586 0.999155 -0.0340322 -3.1062 -0.999743 0.0228602 -0.000360305 88.2959 
0.0288837 0.0356981 0.998949 49.3477 0.020834 0.999119 -0.0363208 -3.13245 -0.999369 0.0218613 0.0281184 88.3279 
0.0621671 0.035104 0.997451 49.868 0.0184028 0.999167 -0.0363258 -3.15741 -0.9979 0.0206136 0.0614736 88.3785 
0.10044 0.0327265 0.994408 50.3872 0.0170235 0.999252 -0.0346202 -3.17958 -0.994801 0.0204052 0.0998125 88.4481 
0.142971 0.0288919 0.989308 50.8848 0.0145161 0.999401 -0.0312994 -3.20601 -0.989623 0.0188348 0.142471 88.5365 
0.188706 0.0246021 0.981728 51.3801 0.0118515 0.999552 -0.0273413 -3.22927 -0.981965 0.0167932 0.188335 88.6495 
0.237632 0.0212312 0.971126 51.8619 0.00708482 0.999693 -0.0236039 -3.25322 -0.971333 0.0124877 0.237414 88.7889 
0.289725 0.0195956 0.956912 52.3297 0.00313533 0.999762 -0.0214373 -3.27498 -0.957108 0.00920943 0.289601 88.9529 
0.345115 0.0190889 0.938369 52.786 0.00204139 0.999772 -0.0211037 -3.29445 -0.938562 0.00919681 0.345004 89.142 
0.403807 0.019599 0.914637 53.2292 0.0038652 0.999721 -0.0231439 -3.31029 -0.914839 0.0128792 0.403625 89.3558 
0.463906 0.0228624 0.885593 53.6434 0.00429716 0.999593 -0.0280721 -3.32887 -0.885876 0.0168272 0.463626 89.6002 
0.523314 0.0258689 0.85175 54.0263 0.00526233 0.999418 -0.033603 -3.34866 -0.852126 0.0220663 0.52288 89.8749 
0.581326 0.0300939 0.813117 54.3918 0.000926754 0.999286 -0.0376635 -3.3638 -0.813672 0.0226476 0.580891 90.1788 
0.636877 0.0330264 0.77026 54.7289 -0.00324037 0.999183 -0.0401802 -3.37912 -0.77096 0.0230939 0.636472 90.5043 
0.689322 0.0339999 0.72366 55.0445 -0.00522624 0.999101 -0.0419803 -3.39472 -0.724437 0.0251554 0.688888 90.8514 
0.737753 0.0321094 0.67431 55.337 -0.00595146 0.999134 -0.0410848 -3.41248 -0.675045 0.0262962 0.737314 91.2199 
0.782178 0.0290873 0.622379 55.602 -0.00872528 0.999318 -0.0357592 -3.42895 -0.622995 0.0225379 0.781907 91.613 
0.822548 0.0242928 0.568179 55.8378 -0.00978562 0.999539 -0.028592 -3.44416 -0.568611 0.0179568 0.822416 92.0253 
0.858055 0.0217809 0.513099 56.0463 -0.0122889 0.99968 -0.0219099 -3.45908 -0.513411 0.0124931 0.858057 92.4542 
0.888117 0.0185294 0.459248 56.2278 -0.0134084 0.999802 -0.0144378 -3.47103 -0.459422 0.00666326 0.888198 92.8938 
0.912658 0.0191951 0.408278 56.3775 -0.0171779 0.999811 -0.00863921 -3.48606 -0.408366 0.000870487 0.912823 93.3349 
0.931843 0.0213257 0.362241 56.5058 -0.0209989 0.999763 -0.00487498 -3.49923 -0.362256 -0.00306486 0.932078 93.7805 
0.946238 0.0273898 0.322314 56.6121 -0.0282859 0.999593 -0.00194276 -3.50918 -0.322233 -0.00727964 0.946636 94.2334 
0.957371 0.0317756 0.287113 56.7101 -0.0323661 0.999468 -0.00273604 -3.51311 -0.287045 -0.00667368 0.957898 94.6929 
0.966037 0.0337441 0.256197 56.8086 -0.0342985 0.999404 -0.00235633 -3.51662 -0.256121 -0.00651068 0.966626 95.1597 
0.971791 0.0282656 0.234148 56.9136 -0.0285633 0.999585 -0.00217823 -3.52212 -0.234109 -0.00457164 0.972204 95.6354 
0.975497 0.0252874 0.218562 57.0121 -0.0256159 0.999666 -0.00138927 -3.53158 -0.218521 -0.00424368 0.975827 96.1184 
0.978141 0.0294816 0.205852 57.0989 -0.029796 0.99955 -0.00163398 -3.53638 -0.205804 -0.00453548 0.978587 96.6128 
0.979929 0.0349714 0.196266 57.1798 -0.0354518 0.999366 -0.00113081 -3.53664 -0.196178 -0.0058497 0.980555 97.1174 
0.980798 0.0427592 0.190287 57.2606 -0.0430925 0.999063 -0.00245648 -3.53867 -0.19021 -0.00579023 0.98173 97.6296 
0.981105 0.0485208 0.187298 57.3457 -0.0482626 0.998811 -0.00600884 -3.54528 -0.187363 -0.00314394 0.982289 98.1503 
0.981198 0.0498158 0.186473 57.4418 -0.0491086 0.998753 -0.00847967 -3.55707 -0.186659 -0.000837373 0.982428 98.6815 
0.980811 0.0483669 0.188876 57.5479 -0.0469468 0.99882 -0.0120537 -3.56858 -0.189233 0.00295565 0.981931 99.2224 
0.980124 0.0467521 0.192804 57.6574 -0.0439992 0.998853 -0.0186003 -3.5754 -0.193449 0.00974724 0.981065 99.77 
0.979288 0.047004 0.196947 57.7686 -0.0432514 0.998786 -0.0233736 -3.58584 -0.197803 0.0143709 0.980139 100.339 
0.978208 0.051842 0.201057 57.8848 -0.0482299 0.998569 -0.0228835 -3.60016 -0.201953 0.0126874 0.979316 100.9 
0.976815 0.054997 0.206909 57.9977 -0.0522043 0.99845 -0.0189936 -3.61366 -0.20763 0.00775066 0.978179 101.504 
0.975987 0.0521119 0.21151 58.1341 -0.0502228 0.99863 -0.0143521 -3.62945 -0.211966 0.00338316 0.977274 102.088 
0.975368 0.0478535 0.215336 58.2763 -0.0470618 0.998848 -0.00886112 -3.6423 -0.21551 -0.00149253 0.976504 102.711 
0.974657 0.0453824 0.219058 58.4184 -0.0455695 0.998947 -0.00425696 -3.6545 -0.219019 -0.00583432 0.975707 103.342 
0.974193 0.0407914 0.222008 58.5649 -0.041009 0.999147 -0.00368647 -3.66265 -0.221966 -0.00551335 0.975043 103.98 
0.974274 0.0372461 0.222277 58.7152 -0.0366596 0.999299 -0.0068198 -3.67338 -0.222373 -0.00150491 0.974964 104.624 
0.974434 0.0363639 0.22172 58.8635 -0.0341525 0.999315 -0.0138556 -3.68548 -0.222069 0.00592869 0.975017 105.278 
0.974559 0.0384854 0.220809 59.0074 -0.034823 0.999178 -0.020509 -3.69792 -0.221413 0.0122981 0.975107 105.941 
0.975051 0.0413657 0.218103 59.1515 -0.0369519 0.999016 -0.0243329 -3.70844 -0.218891 0.0156671 0.975627 106.619 
0.97565 0.0398516 0.215696 59.3028 -0.0363698 0.999131 -0.0201448 -3.72091 -0.216308 0.0118093 0.976258 107.317 
0.976098 0.0358788 0.214358 59.4584 -0.0339994 0.99934 -0.0125069 -3.73817 -0.214662 0.00491981 0.97668 108.03 
0.976619 0.0363606 0.211888 59.6103 -0.0357806 0.999333 -0.00663153 -3.75724 -0.211984 -0.00110528 0.977276 108.751 
0.976876 0.0396588 0.210108 59.7552 -0.0390084 0.999208 -0.00730205 -3.77234 -0.210227 -0.00106322 0.977655 109.48 
0.977113 0.0451362 0.207891 59.8981 -0.043618 0.998972 -0.0119448 -3.7841 -0.208212 0.00260267 0.978083 110.219 
0.977916 0.0457838 0.203935 60.0463 -0.0431793 0.998913 -0.0172664 -3.7962 -0.2045 0.00807852 0.978836 110.97 
0.978822 0.0444272 0.199846 60.1989 -0.041251 0.998943 -0.0200947 -3.81223 -0.200523 0.0114244 0.979626 111.73 
0.979711 0.0421158 0.19595 60.3519 -0.0392582 0.999053 -0.0185126 -3.83111 -0.19654 0.0104432 0.980443 112.506 
0.980552 0.0382232 0.192512 60.5066 -0.0357562 0.999222 -0.0163451 -3.85263 -0.192983 0.00914277 0.981163 113.294 
0.980973 0.0370893 0.190579 60.6621 -0.0351787 0.999285 -0.0134721 -3.87298 -0.190938 0.00651121 0.981584 114.095 
0.981365 0.0337093 0.189182 60.8191 -0.0321985 0.999415 -0.0111301 -3.88926 -0.189442 0.00483163 0.981884 114.901 
0.981653 0.0285343 0.188541 60.9792 -0.0271658 0.999576 -0.00991489 -3.90458 -0.18874 0.00461195 0.98202 115.71 
0.981785 0.0293315 0.187728 61.1331 -0.0283046 0.99956 -0.00822878 -3.92119 -0.187883 0.00276627 0.982192 116.517 
0.981508 0.0348365 0.188233 61.2754 -0.033529 0.999381 -0.0102052 -3.93607 -0.188468 0.00370611 0.982076 117.336 
0.981218 0.0404015 0.188634 61.4213 -0.0385511 0.99916 -0.0135484 -3.95067 -0.189019 0.00602323 0.981959 118.165 
0.980647 0.0492041 0.189512 61.5634 -0.0471835 0.998765 -0.0152426 -3.96385 -0.190024 0.00600676 0.981765 119.004 
0.979744 0.0551181 0.192534 61.7087 -0.0532873 0.998465 -0.014757 -3.98067 -0.193048 0.00419971 0.981185 119.842 
0.979013 0.0576329 0.195496 61.8632 -0.0562489 0.998331 -0.0127075 -4.00217 -0.195897 0.00144602 0.980628 120.682 
0.978485 0.0581223 0.197976 62.0263 -0.0565512 0.998301 -0.0136673 -4.02024 -0.19843 0.00217932 0.980118 121.527 
0.978182 0.056596 0.199904 62.1914 -0.0544158 0.998377 -0.0164656 -4.03907 -0.200507 0.00523071 0.979683 122.367 
0.978235 0.0502515 0.201332 62.3634 -0.0481998 0.998717 -0.0151604 -4.05869 -0.201831 0.00512805 0.979412 123.223 
0.978484 0.0436294 0.201667 62.5404 -0.0411269 0.999009 -0.0166637 -4.08377 -0.202189 0.00801303 0.979319 124.06 
0.978245 0.0431196 0.20293 62.7146 -0.0406272 0.999032 -0.016514 -4.11125 -0.203441 0.00791173 0.97906 124.903 
0.977776 0.045916 0.204573 62.8866 -0.0440716 0.998929 -0.0136481 -4.13288 -0.204975 0.00433016 0.978763 125.756 
0.977379 0.0483025 0.205912 63.0514 -0.0477059 0.998824 -0.00794767 -4.15197 -0.206049 -0.00205411 0.978545 126.593 
0.976935 0.0519751 0.207118 63.2148 -0.0523532 0.998615 -0.00374327 -4.17382 -0.207021 -0.00718485 0.978316 127.426 
0.976772 0.0511744 0.208084 63.3852 -0.0501666 0.998683 -0.0102073 -4.19507 -0.208328 -0.000467117 0.978064 128.258 
0.977096 0.0467232 0.207613 63.561 -0.042581 0.998788 -0.0244631 -4.22021 -0.2085 0.0150638 0.977912 129.071 
0.977431 0.0442789 0.206569 63.7408 -0.0382051 0.998707 -0.0333862 -4.24571 -0.207776 0.0247423 0.977869 129.888 
0.977651 0.0416454 0.206073 63.9107 -0.037455 0.998998 -0.0242785 -4.26933 -0.206874 0.0160192 0.978243 130.715 
0.978052 0.0356393 0.205299 64.0854 -0.0357218 0.999351 -0.00339068 -4.29521 -0.205282 -0.00401565 0.978701 131.557 
0.978319 0.0325261 0.204542 64.2577 -0.0357055 0.999289 0.0117844 -4.31945 -0.204009 -0.0188305 0.978794 132.394 
0.978367 0.0368489 0.203579 64.4195 -0.0389324 0.999218 0.00614702 -4.33167 -0.203189 -0.0139385 0.979046 133.213 
0.978486 0.0448179 0.201399 64.5715 -0.0437329 0.998989 -0.00992671 -4.33958 -0.201636 0.000907354 0.979466 134.017 
0.978825 0.0445534 0.199805 64.7356 -0.0418434 0.99896 -0.0178598 -4.34828 -0.20039 0.00912273 0.97968 134.831 
0.97947 0.0404267 0.197505 64.9029 -0.0375275 0.99912 -0.0184982 -4.3738 -0.198077 0.0107082 0.980135 135.639 
0.980013 0.040238 0.194833 65.0585 -0.0377213 0.999144 -0.0167112 -4.40496 -0.195337 0.00902998 0.980701 136.456 
0.980765 0.0397832 0.191104 65.2087 -0.0370416 0.999147 -0.0180014 -4.42494 -0.191655 0.0105787 0.981412 137.272 
0.981676 0.0407684 0.186159 65.3561 -0.0378066 0.999089 -0.0195423 -4.44951 -0.186784 0.012149 0.982332 138.078 
0.982023 0.0458309 0.183127 65.4937 -0.0430077 0.99888 -0.0194706 -4.47776 -0.183812 0.0112485 0.982904 138.886 
0.982131 0.051872 0.180923 65.6265 -0.0491341 0.998594 -0.0197008 -4.5007 -0.181688 0.0104627 0.983308 139.69 
0.982421 0.0532665 0.178934 65.7654 -0.0509333 0.99854 -0.0177282 -4.52641 -0.179614 0.00830612 0.983709 140.493 
0.98276 0.0512153 0.177666 65.9079 -0.0497628 0.998675 -0.0127449 -4.55173 -0.17808 0.00368737 0.984016 141.298 
0.98311 0.0497699 0.17613 66.0456 -0.0483185 0.998747 -0.0126433 -4.57586 -0.176536 0.00392255 0.984293 142.094 
0.983703 0.0480409 0.173274 66.1845 -0.0460672 0.998813 -0.0155218 -4.60021 -0.173811 0.0072895 0.984758 142.891 
0.98481 0.0431887 0.16819 66.3232 -0.0405487 0.998987 -0.0192278 -4.62369 -0.168847 0.0121187 0.985574 143.682 
0.98605 0.0403837 0.161484 66.4539 -0.0376347 0.999082 -0.0201799 -4.64446 -0.162148 0.0138243 0.986676 144.47 
0.987164 0.0386359 0.154977 66.5755 -0.0367993 0.999207 -0.0148454 -4.66337 -0.155425 0.00895455 0.987814 145.265 
0.98819 0.0361634 0.14892 66.6907 -0.0356157 0.999339 -0.0064889 -4.68134 -0.149052 0.00111193 0.988835 146.064 
0.988838 0.0332485 0.145251 66.8039 -0.0340309 0.999412 0.00275281 -4.69144 -0.145071 -0.00766203 0.989399 146.881 
0.989204 0.0398964 0.141024 66.9037 -0.0410916 0.999135 0.00541551 -4.70263 -0.140682 -0.0111489 0.989999 147.674 
0.989804 0.042508 0.135961 67.0011 -0.043049 0.999067 0.00088255 -4.71373 -0.135791 -0.00672381 0.990721 148.471 
0.990845 0.042698 0.128097 67.1009 -0.0418786 0.999073 -0.00925461 -4.7248 -0.128368 0.0038082 0.991726 149.255 
0.991822 0.0392916 0.12145 67.1966 -0.0378004 0.99917 -0.0147395 -4.73271 -0.121924 0.0100311 0.992495 150.057 
0.992675 0.0384531 0.114563 67.2883 -0.0371512 0.99921 -0.0136734 -4.74752 -0.114993 0.00931995 0.993329 150.868 
0.993228 0.0452495 0.107045 67.357 -0.0444374 0.998954 -0.0101721 -4.76786 -0.107387 0.00534984 0.99421 151.687 
0.99379 0.0507452 0.0990649 67.4167 -0.0498666 0.998683 -0.0115541 -4.7865 -0.0995143 0.00654629 0.995022 152.499 
0.994633 0.0533294 0.0887086 67.4793 -0.0520188 0.998491 -0.0172764 -4.80391 -0.0894902 0.0125725 0.995915 153.305 
0.995427 0.0519846 0.0801912 67.5386 -0.0505909 0.998522 -0.0195993 -4.82152 -0.0810851 0.0154557 0.996594 154.122 
0.996026 0.0522165 0.0722049 67.5875 -0.051161 0.998545 -0.0167015 -4.84043 -0.0729655 0.0129445 0.997256 154.941 
0.996391 0.05516 0.0645861 67.6256 -0.0546772 0.998453 -0.00955283 -4.86013 -0.0650066 0.00599063 0.997873 155.767 
0.996676 0.0587234 0.0565348 67.6555 -0.05863 0.998268 -0.00370699 -4.876 -0.0566479 0.00038347 0.998401 156.593 
0.997125 0.0578413 0.049032 67.6882 -0.0579157 0.998316 -0.000355245 -4.88712 -0.0489634 -0.00248174 0.998804 157.419 
0.997363 0.0587051 0.0427917 67.7161 -0.0588578 0.998259 0.00180419 -4.89684 -0.042605 -0.00431429 0.99909 158.244 
0.997588 0.0577718 0.0386093 67.7397 -0.0578351 0.998321 -2.57702e-05 -4.90722 -0.0385396 -0.00220367 0.999261 159.065 
0.99746 0.0626749 0.0339751 67.7515 -0.0625466 0.998021 -0.00545941 -4.9196 -0.0342434 0.00332446 0.999415 159.881 
0.997203 0.0685284 0.0299792 67.7601 -0.0682138 0.997592 -0.0121141 -4.93352 -0.0307305 0.0100384 0.999484 160.695 
0.997216 0.0696463 0.026782 67.7734 -0.0693013 0.997486 -0.0144219 -4.94625 -0.0277121 0.0125291 0.999544 161.514 
0.99715 0.0715811 0.0239997 67.78 -0.071422 0.997406 -0.00835494 -4.96095 -0.0245292 0.00662105 0.999684 162.338 
0.997024 0.073852 0.022259 67.7863 -0.0739384 0.997255 0.00207441 -4.97176 -0.0220386 -0.00371082 0.999757 163.17 
0.996983 0.0752738 0.0191458 67.7913 -0.0754869 0.997097 0.00945339 -4.98391 -0.0183733 -0.0108672 0.999779 164.003 
0.997322 0.0718286 0.0140451 67.7983 -0.0719455 0.997383 0.00637367 -4.99452 -0.013545 -0.00736424 0.999888 164.813 
0.998207 0.0593928 0.00795032 67.8124 -0.0593883 0.998224 -0.00350489 -5.00296 -0.00813874 0.00302897 0.999969 165.629 
0.998385 0.0568707 0.000588169 67.8154 -0.0568861 0.998344 -0.00804555 -5.00664 -0.00103843 0.0080016 0.999974 166.439 
0.998137 0.0607589 -0.00605801 67.7935 -0.0608204 0.998122 -0.00667698 -5.01561 0.00564711 0.00703565 0.999966 167.27 
0.99817 0.0589876 -0.0135615 67.7758 -0.0590168 0.998252 -0.000157833 -5.03051 0.0135346 0.00096104 0.999914 168.104 
0.998332 0.0538179 -0.021045 67.7606 -0.0537764 0.998542 0.00354811 -5.04103 0.0212112 -0.0024076 0.999778 168.932 
0.998623 0.0451753 -0.0267987 67.742 -0.0450062 0.998953 0.00767941 -5.04201 0.027124 -0.00646001 0.999617 169.77 
0.998608 0.0411031 -0.0331579 67.7148 -0.0408873 0.999128 0.0078098 -5.05114 0.0334571 -0.00644043 0.999425 170.603 
0.998496 0.0377811 -0.0398298 67.6823 -0.0377872 0.999281 0.00112835 -5.06348 0.0398513 0.000380521 0.999212 171.43 
0.99847 0.028301 -0.0475802 67.6489 -0.0287792 0.999541 -0.00893476 -5.07052 0.0473133 0.0102934 0.998833 172.254 
0.998355 0.0181192 -0.0544491 67.6187 -0.0188682 0.999734 -0.0128577 -5.08074 0.0542094 0.013867 0.998439 173.085 
0.997896 0.0221661 -0.0609793 67.5637 -0.0225511 0.999727 -0.00527575 -5.09337 0.0608535 0.00664322 0.998131 173.919 
0.997268 0.0334864 -0.0658929 67.49 -0.0330504 0.999417 0.00801558 -5.1025 0.0661308 -0.00581183 0.9978 174.762 
0.996761 0.0388047 -0.0704721 67.4162 -0.0378069 0.999156 0.0157385 -5.11153 0.0710318 -0.0130187 0.997394 175.611 
0.996512 0.0381236 -0.0742639 67.3476 -0.03729 0.999217 0.0128666 -5.11525 0.0747051 -0.0100476 0.99716 176.449 
0.996282 0.039403 -0.0766408 67.2752 -0.0393784 0.999217 0.00210308 -5.11707 0.0766727 0.000927774 0.997061 177.282 
0.995558 0.0498735 -0.0798804 67.1922 -0.0506143 0.998689 -0.00701209 -5.12289 0.0794349 0.0110301 0.996784 178.11 
0.995457 0.0479852 -0.0822626 67.118 -0.0490389 0.998736 -0.0105779 -5.13357 0.0816609 0.0145695 0.996559 178.95 
0.995499 0.0427928 -0.0845884 67.0517 -0.0434508 0.999034 -0.00570324 -5.14687 0.0842728 0.00935913 0.996404 179.81 
0.995495 0.0431233 -0.0844617 66.9802 -0.0430394 0.999063 0.00306039 -5.15602 0.0845251 0.000594553 0.996426 180.672 
0.995436 0.0450552 -0.0841491 66.902 -0.0445186 0.998967 0.00849383 -5.16256 0.0844554 -0.00470305 0.996421 181.521 
0.995283 0.045028 -0.0859625 66.8266 -0.0445468 0.998972 0.00776019 -5.17132 0.0862341 -0.00388838 0.996273 182.369 
0.995228 0.0413569 -0.0884036 66.7484 -0.0416552 0.999126 -0.00128769 -5.18033 0.0882831 0.00496999 0.996088 183.214 
0.995398 0.0302242 -0.0909647 66.6789 -0.0315479 0.999413 -0.01292 -5.19279 0.0905317 0.0157355 0.995775 184.061 
0.995464 0.0196509 -0.0931261 66.6115 -0.0213437 0.999622 -0.016986 -5.20738 0.0927682 0.0189015 0.995514 184.91 
0.995324 0.0223633 -0.093998 66.5229 -0.023656 0.999638 -0.0124257 -5.22335 0.0936976 0.0145963 0.9955 185.764 
0.995071 0.0287878 -0.094917 66.4296 -0.029097 0.99957 -0.00164265 -5.24198 0.0948408 0.00440193 0.995489 186.614 
0.994897 0.0301351 -0.0963188 66.3414 -0.0301015 0.99954 0.00202639 -5.26227 0.096347 0.000889421 0.995354 187.458 
0.994843 0.0290939 -0.0972037 66.2561 -0.0294202 0.99956 -0.00170206 -5.27557 0.0971226 0.00455965 0.995268 188.299 
0.994853 0.0291686 -0.0970718 66.1683 -0.0301043 0.99951 -0.00796572 -5.28599 0.0968026 0.0108535 0.995251 189.136 
0.994588 0.035911 -0.097524 66.0726 -0.036922 0.999278 -0.00835718 -5.29893 0.0971635 0.0119193 0.995204 189.972 
0.994448 0.0388325 -0.0978304 65.9814 -0.0395622 0.999197 -0.00530979 -5.31566 0.0975557 0.00915735 0.995195 190.808 
0.994216 0.0429038 -0.0984889 65.8889 -0.0433396 0.999052 -0.00207616 -5.33173 0.0983166 0.00633934 0.995141 191.644 
0.994041 0.0467817 -0.0984868 65.7972 -0.0469638 0.99889 0.000678751 -5.34324 0.0984193 0.00395781 0.995144 192.476 
0.993819 0.0500698 -0.0991091 65.7049 -0.0503157 0.998727 0.000228653 -5.35544 0.099005 0.00476675 0.995082 193.298 
