1.000000 0.000000 0.000000 0.000000 0.000000 1.000000 0.000000 0.000000 0.000000 0.000000 1.000000 0.000000
0.999991 -0.002697 -0.00331631 -0.00193116 0.00268987 0.999994 -0.00215228 -0.00468228 0.0033221 0.00214334 0.999992 0.671555 
0.999972 -0.0013489 -0.00737607 -0.0118398 0.0013214 0.999992 -0.00373202 -0.00737847 0.00738104 0.00372217 0.999966 1.36036 
0.999936 -0.00139178 -0.0112248 -0.0273972 0.00133328 0.999985 -0.00521749 -0.0109137 0.0112319 0.00520219 0.999923 2.06531 
0.999869 -9.7655e-05 -0.016158 -0.044385 4.38521e-06 0.999983 -0.00577231 -0.0179504 0.0161583 0.00577148 0.999853 2.78655 
0.999789 -0.00116686 -0.0205111 -0.0629921 0.001045 0.999982 -0.00595092 -0.027611 0.0205177 0.00592823 0.999772 3.52472 
0.999687 0.000579926 -0.025026 -0.0886278 -0.000760783 0.999974 -0.00721789 -0.0362704 0.0250211 0.00723466 0.999661 4.27639 
0.999547 0.00323563 -0.0299322 -0.119412 -0.00347082 0.999963 -0.00780861 -0.0456922 0.0299059 0.00790896 0.999521 5.04211 
0.999409 0.00357434 -0.034197 -0.152232 -0.00378919 0.999973 -0.00621984 -0.0543771 0.0341739 0.00634574 0.999396 5.82331 
0.99925 0.00274005 -0.038625 -0.18622 -0.00287982 0.99999 -0.00356347 -0.0631635 0.0386148 0.00367203 0.999247 6.61619 
0.999109 0.00240914 -0.0421437 -0.222974 -0.00244771 0.999997 -0.00086351 -0.0733028 0.0421414 0.000965896 0.999111 7.41755 
0.99899 0.00389466 -0.044758 -0.266403 -0.00396429 0.999991 -0.00146696 -0.0832793 0.0447519 0.00164291 0.998997 8.22429 
0.998892 0.00336825 -0.046934 -0.309249 -0.00345093 0.999993 -0.00168074 -0.0902923 0.046928 0.00184085 0.998897 9.03894 
0.998812 0.000400967 -0.0487325 -0.349351 -0.000511438 0.999997 -0.00225445 -0.0972913 0.0487314 0.0022767 0.998809 9.86202 
0.998711 0.000290602 -0.0507545 -0.393767 -0.000362631 0.999999 -0.00140995 -0.106102 0.050754 0.00142654 0.99871 10.6965 
0.998637 -0.0011565 -0.0521863 -0.439195 0.00107356 0.999998 -0.00161728 -0.116287 0.0521881 0.00155905 0.998636 11.5385 
0.998536 0.00116881 -0.0540706 -0.491001 -0.00138216 0.999991 -0.00390852 -0.126934 0.0540656 0.00397753 0.998529 12.3874 
0.998463 0.00158694 -0.0554021 -0.544175 -0.00195115 0.999977 -0.0065205 -0.137536 0.0553905 0.00661857 0.998443 13.2446 
0.99835 0.00550592 -0.0571591 -0.602394 -0.0059823 0.999949 -0.00816639 -0.148567 0.0571112 0.00849486 0.998332 14.1099 
0.998285 0.00637163 -0.0582015 -0.65949 -0.00683605 0.999946 -0.007784 -0.162166 0.0581487 0.00816851 0.998275 14.9857 
0.99821 0.00546185 -0.0595613 -0.715278 -0.00584771 0.999963 -0.00630612 -0.176564 0.0595247 0.00664312 0.998205 15.8703 
0.998121 0.00611585 -0.0609723 -0.773849 -0.00642142 0.999968 -0.00481695 -0.189238 0.0609409 0.00519943 0.998128 16.7595 
0.998062 0.00571334 -0.0619617 -0.833188 -0.00601858 0.999971 -0.00474063 -0.203012 0.0619328 0.00510436 0.998067 17.652 
0.997958 0.00557559 -0.0636244 -0.893434 -0.00594308 0.999967 -0.00558824 -0.215973 0.0635911 0.00595496 0.997958 18.5478 
0.997899 0.00416681 -0.0646471 -0.953765 -0.00458677 0.999969 -0.00634906 -0.228654 0.0646186 0.00663224 0.997888 19.4502 
0.997861 0.0043092 -0.0652275 -1.01634 -0.00462262 0.999978 -0.004655 -0.240895 0.065206 0.00494657 0.99786 20.3588 
0.997859 0.00568113 -0.0651573 -1.08226 -0.00577337 0.999983 -0.00122741 -0.253773 0.0651492 0.00160096 0.997874 21.2766 
0.997907 0.0066873 -0.0643121 -1.14736 -0.00653954 0.999975 0.00250774 -0.264054 0.0643272 -0.00208192 0.997927 22.1986 
0.998012 0.0055823 -0.0627702 -1.20791 -0.00525796 0.999972 0.00533104 -0.270588 0.0627982 -0.0049904 0.998014 23.1271 
0.998108 0.00578692 -0.0612191 -1.2679 -0.00542303 0.999967 0.00610852 -0.27674 0.0612524 -0.00576496 0.998106 24.0566 
0.998189 0.00602896 -0.0598469 -1.32787 -0.00584289 0.999978 0.00328359 -0.283432 0.0598654 -0.00292797 0.998202 24.9901 
0.998237 0.0068387 -0.0589613 -1.3875 -0.00694263 0.999975 -0.00155808 -0.289932 0.0589492 0.00196468 0.998259 25.9258 
0.998312 0.00595568 -0.0577673 -1.44472 -0.00622605 0.99997 -0.00450143 -0.298385 0.0577388 0.00485349 0.99832 26.8688 
0.998365 0.0033959 -0.0570538 -1.49942 -0.00359991 0.999987 -0.00347337 -0.309449 0.0570413 0.00367308 0.998365 27.8204 
0.998356 0.00153243 -0.0572929 -1.55479 -0.00144928 0.999998 0.00149271 -0.319938 0.057295 -0.00140722 0.998356 28.7796 
0.998308 -0.0022451 -0.0581099 -1.6091 0.00253863 0.999984 0.00497804 -0.331113 0.0580978 -0.00511713 0.998298 29.7427 
0.998201 -0.00968487 -0.0591672 -1.65789 0.00996068 0.999941 0.00436848 -0.339501 0.0591214 -0.00494997 0.998239 30.7025 
0.99809 -0.0118864 -0.0606183 -1.71368 0.0119369 0.999929 0.000469718 -0.345609 0.0606084 -0.00119241 0.998161 31.664 
0.998006 -0.0116936 -0.062023 -1.77723 0.0115036 0.999928 -0.00341872 -0.355502 0.0620585 0.00269841 0.998069 32.6289 
0.997884 -0.0104185 -0.0641741 -1.8423 0.0101726 0.99994 -0.00415738 -0.366768 0.0642136 0.00349577 0.99793 33.6013 
0.99783 -0.0104737 -0.0650116 -1.90878 0.0103152 0.999943 -0.00277267 -0.379097 0.0650369 0.00209605 0.997881 34.581 
0.99778 -0.00740024 -0.0661797 -1.98079 0.00742139 0.999972 7.37796e-05 -0.39287 0.0661773 -0.000564761 0.997808 35.563 
0.997692 -0.00749019 -0.0674901 -2.05013 0.00760348 0.99997 0.00142185 -0.40411 0.0674774 -0.00193173 0.997719 36.5451 
0.99763 -0.00618622 -0.0685304 -2.11936 0.00647614 0.999971 0.00400921 -0.412441 0.0685036 -0.00444352 0.997641 37.528 
0.997636 -0.00628861 -0.0684383 -2.18896 0.00678914 0.999952 0.00708356 -0.421365 0.0683904 -0.00753145 0.99763 38.5135 
0.997617 -0.000477531 -0.0689959 -2.26703 0.0011277 0.999955 0.00938471 -0.426671 0.0689883 -0.00944015 0.997573 39.4957 
0.997606 -0.000638416 -0.0691453 -2.33963 0.00125544 0.99996 0.00888045 -0.433495 0.0691368 -0.008946 0.997567 40.4735 
0.997612 -0.000545138 -0.0690586 -2.4096 0.00104375 0.999974 0.00718426 -0.436931 0.0690528 -0.00723918 0.997587 41.4493 
0.997615 0.00168999 -0.068997 -2.48509 -0.00134854 0.999987 0.00499502 -0.443876 0.0690045 -0.00489006 0.997604 42.4218 
0.997545 0.00128834 -0.0700122 -2.5557 -0.000935219 0.999987 0.00507626 -0.452737 0.0700178 -0.00499832 0.997533 43.3945 
0.997458 -0.000674405 -0.0712589 -2.62458 0.00112336 0.99998 0.00626038 -0.460265 0.0712533 -0.00632451 0.997438 44.3682 
0.997399 -0.000104872 -0.0720799 -2.69924 0.000634869 0.999973 0.00733004 -0.469407 0.0720771 -0.00735673 0.997372 45.3374 
0.997381 0.00232575 -0.0722892 -2.77686 -0.00205696 0.999991 0.00379256 -0.480714 0.0722973 -0.00363393 0.997377 46.297 
0.997323 0.00284625 -0.0730646 -2.85399 -0.00288065 0.999996 -0.000365549 -0.489803 0.0730632 0.000575045 0.997327 47.2535 
0.997277 0.00370333 -0.0736587 -2.92948 -0.00383233 0.999991 -0.00161009 -0.5005 0.0736521 0.00188799 0.997282 48.2103 
0.997272 0.00249261 -0.0737772 -3.00222 -0.00235338 0.999995 0.0019741 -0.514246 0.0737818 -0.00179509 0.997273 49.1696 
0.997256 0.000591573 -0.0740294 -3.07304 -0.000214557 0.999987 0.00510064 -0.526249 0.0740315 -0.00507076 0.997243 50.1246 
0.997239 -0.00126164 -0.0742492 -3.145 0.0016948 0.999982 0.00577116 -0.536562 0.0742406 -0.00588106 0.997223 51.072 
0.997218 -0.00441235 -0.0744085 -3.21521 0.00476384 0.999978 0.00454706 -0.546333 0.0743868 -0.00488888 0.997217 52.0148 
0.99717 -0.00712122 -0.0748427 -3.2846 0.00738534 0.999967 0.00325281 -0.556106 0.0748171 -0.00379634 0.99719 52.9531 
0.997076 -0.00869467 -0.0759146 -3.35669 0.00906102 0.999949 0.00448263 -0.564938 0.0758717 -0.00515739 0.997104 53.8921 
0.996958 -0.0117302 -0.0770549 -3.42709 0.0124294 0.999886 0.00860132 -0.571989 0.0769452 -0.0095329 0.99699 54.8305 
0.996899 -0.012617 -0.0776779 -3.49849 0.0137134 0.999814 0.0135975 -0.576794 0.0774919 -0.0146206 0.996886 55.7671 
0.996879 -0.0108599 -0.0781907 -3.577 0.012137 0.9998 0.0158756 -0.58032 0.0780026 -0.0167751 0.996812 56.6961 
0.996779 -0.00978247 -0.0795983 -3.65458 0.0107672 0.999871 0.0119517 -0.584831 0.0794711 -0.0127703 0.996755 57.6115 
0.996688 -0.00827477 -0.0808931 -3.73242 0.0086402 0.999954 0.0041685 -0.58942 0.0808549 -0.00485363 0.996714 58.5149 
0.996634 -0.00659271 -0.0817127 -3.81138 0.00656285 0.999978 -0.000634022 -0.597651 0.0817151 9.56198e-05 0.996656 59.41 
0.99657 -0.00166917 -0.0827335 -3.89588 0.00169977 0.999999 0.000299385 -0.609258 0.0827329 -0.000438986 0.996572 60.301 
0.996498 0.00112867 -0.0836086 -3.97841 -0.000913979 0.999996 0.00260605 -0.623655 0.0836112 -0.00252051 0.996495 61.18 
0.996397 0.00368205 -0.0847261 -4.05792 -0.00333627 0.999986 0.00422239 -0.638293 0.0847404 -0.00392451 0.996395 62.0434 
0.996304 0.00438133 -0.0857822 -4.13663 -0.00405672 0.999984 0.00395811 -0.647105 0.0857982 -0.00359549 0.996306 62.8915 
0.996157 0.006116 -0.0873667 -4.21612 -0.00571719 0.999972 0.00481423 -0.657376 0.0873937 -0.00429624 0.996165 63.7287 
0.996035 0.00694678 -0.0886855 -4.29394 -0.00648893 0.999964 0.00544991 -0.670127 0.0887201 -0.00485283 0.996045 64.5514 
0.995904 0.00687625 -0.0901557 -4.37097 -0.0063673 0.999962 0.00593156 -0.680862 0.090193 -0.00533322 0.99591 65.3626 
0.995792 0.00674095 -0.0913973 -4.44754 -0.00612874 0.999957 0.00697734 -0.687877 0.0914404 -0.00638783 0.99579 66.1609 
0.995654 0.00950177 -0.0926466 -4.52894 -0.00864404 0.999916 0.00965507 -0.694051 0.0927305 -0.00881226 0.995652 66.9475 
0.995528 0.0109897 -0.0938293 -4.60845 -0.00973747 0.999857 0.0137937 -0.699872 0.0939675 -0.0128183 0.995493 67.721 
0.995335 0.0141749 -0.0954367 -4.68849 -0.0127481 0.999798 0.0155434 -0.704598 0.0956377 -0.0142543 0.995314 68.4761 
0.995166 0.0169857 -0.0967222 -4.76909 -0.0159511 0.999807 0.0114592 -0.712083 0.0968981 -0.00986097 0.995245 69.2089 
0.995045 0.0169475 -0.0979715 -4.84584 -0.0166126 0.999853 0.00423378 -0.72124 0.0980288 -0.00258524 0.99518 69.918 
0.994915 0.0160492 -0.0994333 -4.91679 -0.0162896 0.999866 -0.00160609 -0.728168 0.0993942 0.00321765 0.995043 70.6106 
0.994862 0.016913 -0.0998172 -4.99071 -0.0172792 0.999847 -0.00280515 -0.734598 0.0997545 0.0045155 0.995002 71.2869 
0.994744 0.0197072 -0.100478 -5.06578 -0.0197257 0.999805 0.000810151 -0.746793 0.100475 0.00117611 0.994939 71.9471 
0.994612 0.0199414 -0.101732 -5.13481 -0.0197189 0.9998 0.00319255 -0.764004 0.101775 -0.0011693 0.994807 72.5849 
0.994569 0.0168171 -0.10271 -5.19913 -0.0169094 0.999857 -2.82661e-05 -0.77685 0.102695 0.00176487 0.994711 73.2 
0.994682 0.00871501 -0.102626 -5.2531 -0.00929572 0.999943 -0.00518154 -0.789975 0.102575 0.00610797 0.994707 73.7973 
0.994815 0.00466467 -0.101598 -5.30771 -0.00570708 0.999934 -0.00997184 -0.801366 0.101545 0.0105 0.994776 74.3784 
0.995117 0.00716264 -0.098443 -5.36782 -0.00820369 0.999915 -0.0101745 -0.813092 0.0983617 0.0109324 0.995091 74.9474 
0.995469 0.012142 -0.0943033 -5.4295 -0.0128754 0.999891 -0.00717232 -0.825398 0.0942059 0.00835402 0.995518 75.5033 
0.995916 0.0105632 -0.0896661 -5.47602 -0.0109757 0.999931 -0.00410856 -0.836554 0.0896165 0.00507593 0.995963 76.0471 
0.996442 0.0068727 -0.0839991 -5.51152 -0.00688605 0.999976 0.000130816 -0.848303 0.083998 0.000448071 0.996466 76.5801 
0.997116 0.00247572 -0.0758512 -5.54087 -0.00220574 0.999991 0.00364295 -0.862106 0.0758595 -0.00346514 0.997112 77.1012 
0.997861 0.00612893 -0.0650826 -5.57446 -0.00591373 0.999976 0.0034988 -0.870645 0.0651025 -0.00310644 0.997874 77.6061 
0.998689 0.0113551 -0.0499169 -5.60361 -0.0112198 0.999933 0.00299058 -0.877827 0.0499475 -0.0024266 0.998749 78.0989 
0.999357 0.0164132 -0.0318729 -5.61817 -0.0163084 0.999861 0.00354513 -0.883404 0.0319267 -0.00302306 0.999486 78.5813 
0.999842 0.014808 -0.00985586 -5.60931 -0.0147688 0.999883 0.00403843 -0.888414 0.00991451 -0.00389224 0.999943 79.0514 
0.999802 0.0113352 0.0163335 -5.58255 -0.011418 0.999922 0.00498247 -0.895781 -0.0162757 -0.00516798 0.999854 79.5089 
0.998896 0.0102592 0.045837 -5.54279 -0.0105705 0.999923 0.00655248 -0.903073 -0.0457662 -0.00702976 0.998927 79.958 
0.996836 0.00986551 0.0788774 -5.48833 -0.0105294 0.999913 0.00800553 -0.909611 -0.0787915 -0.00881073 0.996852 80.3998 
0.993157 0.00984524 0.11637 -5.4159 -0.0109106 0.999904 0.00852138 -0.915272 -0.116275 -0.00973274 0.993169 80.8331 
0.987377 0.0100985 0.158064 -5.32492 -0.0115772 0.999897 0.00843705 -0.919125 -0.157962 -0.0101605 0.987393 81.2585 
0.979072 0.00985491 0.203277 -5.21424 -0.0118066 0.999895 0.00839064 -0.925028 -0.203173 -0.010615 0.979085 81.6718 
0.967554 0.0120398 0.252379 -5.08505 -0.0140961 0.999881 0.00634116 -0.934348 -0.252272 -0.00969296 0.967608 82.0708 
0.952065 0.0130202 0.305617 -4.93382 -0.0147771 0.999885 0.00343608 -0.943062 -0.305537 -0.00778752 0.952148 82.4529 
0.932267 0.0133583 0.361524 -4.759 -0.0147883 0.99989 0.00118914 -0.94969 -0.361468 -0.00645494 0.932362 82.8194 
0.907939 0.0141427 0.418865 -4.56249 -0.0151662 0.999885 -0.000885744 -0.954139 -0.418829 -0.0055484 0.908048 83.1695 
0.87886 0.0143881 0.476862 -4.3436 -0.0146879 0.999887 -0.00309916 -0.958506 -0.476853 -0.00428039 0.878972 83.5001 
0.845348 0.012895 0.534061 -4.1028 -0.0119015 0.999915 -0.00530469 -0.966986 -0.534084 -0.00187181 0.845429 83.8083 
0.808421 0.0125383 0.588471 -3.84234 -0.0107884 0.999921 -0.00648416 -0.978771 -0.588505 -0.00110673 0.808492 84.0997 
0.768368 0.0112583 0.639909 -3.56399 -0.0100034 0.999934 -0.00558099 -0.989399 -0.63993 -0.00211301 0.76843 84.3756 
0.725349 0.0109301 0.688294 -3.26979 -0.011615 0.999926 -0.00363846 -0.997271 -0.688283 -0.00535537 0.725423 84.6359 
0.679916 0.0099254 0.733223 -2.9592 -0.0108868 0.999935 -0.00344053 -1.00471 -0.733209 -0.00564315 0.67998 84.8725 
0.633138 0.00863622 0.773991 -2.63422 -0.00773717 0.999958 -0.00482844 -1.01353 -0.774 -0.00293143 0.633178 85.0846 
0.586145 0.0060464 0.810184 -2.29516 -0.00228628 0.999981 -0.00580879 -1.02303 -0.810203 0.00155248 0.586147 85.2729 
0.539211 0.00811536 0.842131 -1.95217 -0.00431185 0.999967 -0.00687552 -1.03391 -0.842159 7.62155e-05 0.539229 85.4512 
0.491652 0.0109879 0.870722 -1.60312 -0.00825682 0.999934 -0.00795631 -1.04451 -0.870753 -0.00327767 0.49171 85.6173 
0.446012 0.013116 0.894931 -1.24602 -0.00901026 0.999908 -0.0101641 -1.0543 -0.894982 -0.00353026 0.446089 85.7611 
0.403681 0.0105464 0.914839 -0.876969 -0.00166652 0.99994 -0.010792 -1.0607 -0.914898 0.00283195 0.403675 85.8771 
0.364219 0.00302254 0.931308 -0.495055 0.0134871 0.999873 -0.00851963 -1.06425 -0.931216 0.0156636 0.364132 85.9698 
0.328917 -0.000606558 0.944359 -0.112001 0.0177616 0.999827 -0.00554411 -1.06767 -0.944192 0.0185968 0.328871 86.0643 
0.295749 0.00351197 0.955259 0.270288 0.0152299 0.999849 -0.00839108 -1.07509 -0.955144 0.0170301 0.295651 86.1649 
0.2646 0.0111827 0.964293 0.653515 0.0044573 0.999908 -0.0128188 -1.08988 -0.964348 0.00768999 0.264526 86.2696 
0.236193 0.0155018 0.971582 1.0487 -0.00021929 0.999874 -0.0158999 -1.10788 -0.971706 0.0035424 0.236167 86.3582 
0.210548 0.0171752 0.977433 1.45591 0.00111516 0.999841 -0.0178091 -1.12358 -0.977583 0.00483967 0.210495 86.4268 
0.187222 0.0185365 0.982143 1.87402 0.00861636 0.999752 -0.0205114 -1.13448 -0.98228 0.0123027 0.187016 86.4796 
0.167196 0.0248623 0.98561 2.29983 0.0157473 0.999487 -0.0278836 -1.13455 -0.985798 0.0201827 0.166719 86.5246 
0.147535 0.0316609 0.98855 2.73499 0.0179625 0.999237 -0.034684 -1.13516 -0.988894 0.0228739 0.146853 86.575 
0.129899 0.0324549 0.990996 3.18696 0.0155326 0.999275 -0.0347621 -1.14959 -0.991406 0.0199084 0.129301 86.6303 
0.114431 0.0280218 0.993036 3.65591 0.0136542 0.999463 -0.0297766 -1.17362 -0.993337 0.0169665 0.113987 86.6792 
0.0999221 0.0247768 0.994687 4.13581 0.0140208 0.999556 -0.0263065 -1.19489 -0.994896 0.0165749 0.0995303 86.72 
0.0866902 0.0223211 0.995985 4.62963 0.0164076 0.999581 -0.0238298 -1.21236 -0.9961 0.0184075 0.0862877 86.7528 
0.0751458 0.0215165 0.99694 5.137 0.0202653 0.999528 -0.0230998 -1.22746 -0.996967 0.0219392 0.0746743 86.7796 
0.0650343 0.0221755 0.997637 5.65744 0.02348 0.999442 -0.0237463 -1.24254 -0.997607 0.0249688 0.0644773 86.8039 
0.0571881 0.0227186 0.998105 6.19388 0.0255382 0.999381 -0.0242109 -1.25829 -0.998037 0.0268744 0.0565725 86.8286 
0.0516331 0.0230834 0.998399 6.74822 0.0272861 0.999327 -0.0245159 -1.27459 -0.998293 0.0285082 0.0509685 86.8522 
0.0461043 0.024196 0.998644 7.31887 0.0285294 0.999267 -0.0255282 -1.29112 -0.998529 0.0296677 0.0453802 86.8746 
0.0401376 0.0248948 0.998884 7.90825 0.029053 0.999238 -0.026071 -1.30838 -0.998772 0.030067 0.0393837 86.896 
0.0358409 0.0249469 0.999046 8.51445 0.0315146 0.999163 -0.0260804 -1.32695 -0.99886 0.0324193 0.0350247 86.913 
0.0329483 0.0249351 0.999146 9.13878 0.0330277 0.999116 -0.0260235 -1.346 -0.998911 0.0338569 0.0320956 86.9298 
0.0298894 0.0244803 0.999253 9.78051 0.0338734 0.999101 -0.0254897 -1.36564 -0.998979 0.03461 0.0290333 86.948 
0.0274836 0.0239359 0.999336 10.4396 0.0359136 0.999044 -0.0249166 -1.38559 -0.998977 0.0365746 0.0265977 86.9641 
0.02684   0.0236003 0.999361 11.1139 0.0403695 0.99888 -0.0246731 -1.40593 -0.998824 0.041006 0.0258572 86.9764 
0.0279137 0.0232489 0.99934 11.8042 0.0438973 0.998737 -0.024461 -1.42704 -0.998646 0.0445511 0.0268579 86.9909 
0.0303813 0.023183 0.999269 12.5094 0.0456656 0.998655 -0.0245572 -1.44791 -0.998495 0.0463783 0.0292818 87.0115 
0.0342558 0.023111 0.999146 13.2298 0.0481573 0.998533 -0.0247479 -1.46982 -0.998252 0.048964 0.0330926 87.0353 
0.038608  0.0226614 0.998997 13.9674 0.0485418 0.99852 -0.0245265 -1.4906 -0.998075 0.04944 0.0374508 87.0637 
0.0426447 0.0210372 0.998869 14.7204 0.0500118 0.99848 -0.0231642 -1.51203 -0.997838 0.0509431 0.0415277 87.0961 
0.0466428 0.0194873 0.998722 15.4884 0.0498981 0.998516 -0.0218137 -1.53378 -0.997665 0.0508518 0.0456012 87.135 
0.0507533 0.0173874 0.99856 16.2707 0.0467945 0.998709 -0.0197684 -1.55653 -0.997614 0.0477305 0.0498742 87.1813 
0.0547871 0.0163378 0.998364 17.0648 0.0459904 0.998764 -0.0188681 -1.57773 -0.997438 0.0469489 0.053968 87.2314 
0.0588187 0.0173003 0.998119 17.8627 0.0432015 0.998869 -0.0198592 -1.60115 -0.997333 0.0442884 0.0580048 87.2858 
0.0619746 0.0213923 0.997848 18.6628 0.0411394 0.998866 -0.0239692 -1.62804 -0.99723 0.0425363 0.0610243 87.3415 
0.0632416 0.0266506 0.997642 19.4655 0.0353289 0.998957 -0.0289252 -1.6557 -0.997373 0.0370749 0.0622341 87.4033 
0.0630776 0.0297271 0.997566 20.274 0.0324514 0.998967 -0.0318208 -1.68698 -0.997481 0.0343795 0.0620477 87.4617 
0.0631781 0.0291934 0.997575 21.0829 0.0301425 0.99906 -0.0311459 -1.72121 -0.997547 0.0320372 0.0622388 87.5188 
0.0631528 0.0273576 0.997629 21.8958 0.0273084 0.999203 -0.0291294 -1.75808 -0.99763 0.0290833 0.0623553 87.5773 
0.0629944 0.0261946 0.99767 22.7057 0.0283253 0.999206 -0.0280234 -1.79042 -0.997612 0.0300246 0.0622024 87.6311 
0.0634538 0.0255196 0.997658 23.5155 0.025795 0.999297 -0.0272021 -1.82468 -0.997651 0.0274607 0.0627509 87.688 
0.0635741 0.0258473 0.997642 24.3225 0.0242012 0.999331 -0.0274332 -1.85897 -0.997684 0.0258882 0.062906 87.7458 
0.0636731 0.0264159 0.997621 25.1282 0.0213165 0.999386 -0.0278231 -1.8929 -0.997743 0.0230374 0.0630708 87.8043 
0.0624864 0.0277472 0.99766 25.9304 0.0185403 0.999409 -0.0289571 -1.92671 -0.997874 0.0203064 0.061935 87.8613 
0.0596528 0.0273258 0.997845 26.7335 0.0155608 0.999478 -0.0283008 -1.95991 -0.998098 0.0172155 0.0591965 87.917 
0.0557445 0.0260289 0.998106 27.5366 0.0131042 0.999555 -0.0267986 -1.9927 -0.998359 0.0145733 0.0553786 87.9689 
0.0508873 0.0236299 0.998425 28.3405 0.0111522 0.999644 -0.0242272 -2.02462 -0.998642 0.0123675 0.0506057 88.0157 
0.0446151 0.0215737 0.998771 29.1414 0.00898227 0.999718 -0.0219954 -2.05625 -0.998964 0.00995256 0.0444087 88.0569 
0.0372407 0.0217624 0.999069 29.9362 0.0085348 0.999719 -0.0220947 -2.08763 -0.99927 0.00934968 0.0370445 88.0891 
0.0285384 0.0227402 0.999334 30.7278 0.00829003 0.999701 -0.0229853 -2.11666 -0.999558 0.00894047 0.0283413 88.1131 
0.0185979 0.0231433 0.999559 31.518 0.00866767 0.999691 -0.0233077 -2.14456 -0.999789 0.00909732 0.0183916 88.1289 
0.00835684 0.0221218 0.99972 32.3066 0.00981161 0.999705 -0.0222035 -2.17398 -0.999917 0.00999442 0.00813733 88.1352 
-0.00242293 0.0211262 0.999774 33.0926 0.00872119 0.999739 -0.0211043 -2.20381 -0.999959 0.00866809 -0.00260654 88.1353 
-0.0135161 0.0203182 0.999702 33.8746 0.0100813 0.999745 -0.0201828 -2.2313 -0.999858 0.00980548 -0.0137175 88.1232 
-0.0245559 0.0206605 0.999485 34.6516 0.0102604 0.999739 -0.0204136 -2.25965 -0.999646 0.00975384 -0.0247615 88.1049 
-0.0355945 0.0212344 0.999141 35.4245 0.010536 0.999727 -0.0208715 -2.28868 -0.999311 0.00978399 -0.0358085 88.0778 
-0.0462344 0.0222874 0.998682 36.1911 0.010112 0.99971 -0.0218422 -2.31683 -0.998879 0.00908882 -0.0464464 88.0441 
-0.056553 0.0233282 0.998127 36.951 0.0110998 0.99968 -0.0227356 -2.34409 -0.998338 0.00979321 -0.0567938 88.0009 
-0.0659844 0.024046 0.997531 37.7047 0.0118999 0.999657 -0.0233101 -2.37175 -0.99775 0.0103325 -0.0662479 87.9492 
-0.0755989 0.0245109 0.996837 38.4498 0.0125844 0.999642 -0.0236254 -2.40143 -0.997059 0.0107586 -0.0758803 87.8913 
-0.0849274 0.024807 0.996078 39.1875 0.0133382 0.999629 -0.0237582 -2.43086 -0.996298 0.0112681 -0.0852268 87.8277 
-0.0934839 0.0243267 0.995324 39.9176 0.0144663 0.999629 -0.0230732 -2.459 -0.995516 0.0122417 -0.0938012 87.7569 
-0.100743 0.0231733 0.994643 40.6406 0.0162322 0.999634 -0.0216455 -2.48729 -0.99478 0.0139646 -0.101082 87.6805 
-0.105925 0.0215147 0.994141 41.3553 0.0190343 0.999627 -0.0196053 -2.51435 -0.994192 0.0168461 -0.106295 87.6005 
-0.109696 0.0199125 0.993766 42.0583 0.0220249 0.999603 -0.0175982 -2.53994 -0.993721 0.0199571 -0.110091 87.5185 
-0.112474 0.0187915 0.993477 42.753 0.0235614 0.99959 -0.0162397 -2.56398 -0.993375 0.0215811 -0.112871 87.4402 
-0.114161 0.0178732 0.993302 43.431 0.0238333 0.9996 -0.0152474 -2.58781 -0.993176 0.021933 -0.114541 87.3617 
-0.114959 0.0182782 0.993202 44.0945 0.0245996 0.999576 -0.0155482 -2.61107 -0.993066 0.022645 -0.11536 87.2858 
-0.113961 0.0192945 0.993298 44.7431 0.0254333 0.99954 -0.0164978 -2.63409 -0.99316 0.0233828 -0.114399 87.2098 
-0.111016 0.0208941 0.993599 45.3736 0.0263894 0.999488 -0.0180695 -2.65701 -0.993468 0.0242144 -0.111511 87.1404 
-0.105816 0.0213976 0.994156 45.9902 0.0264593 0.999475 -0.0186959 -2.67899 -0.994034 0.0243264 -0.106326 87.0779 
-0.0977789 0.0221125 0.994962 46.588 0.0260019 0.999469 -0.0196574 -2.70173 -0.994868 0.0239488 -0.0983019 87.0248 
-0.08661 0.0220357 0.995999 47.1658 0.0249542 0.99949 -0.019943 -2.7252 -0.99593 0.0231271 -0.0871157 86.9824 
-0.072868 0.0223183 0.997092 47.7244 0.0241933 0.999495 -0.0206041 -2.74845 -0.997048 0.0226216 -0.0733712 86.9515 
-0.0556226 0.0236497 0.998172 48.2664 0.0233365 0.999477 -0.0223802 -2.77104 -0.998179 0.022049 -0.0561454 86.9334 
-0.0342964 0.0261681 0.999069 48.7964 0.0217311 0.99944 -0.0254318 -2.79404 -0.999175 0.0208387 -0.0348459 86.9288 
-0.00964622 0.0291559 0.999528 49.3231 0.0197719 0.999385 -0.0289609 -2.81798 -0.999758 0.0194832 -0.0102168 86.9407 
0.0186995 0.030884 0.999348 49.847 0.0179352 0.999352 -0.0312197 -2.84159 -0.999664 0.0185073 0.0181335 86.9694 
0.0519226 0.0303987 0.998188 50.3715 0.0158041 0.999386 -0.0312572 -2.86348 -0.998526 0.0173984 0.0514103 87.0163 
0.0900728 0.027999 0.995542 50.8914 0.0147143 0.999458 -0.0294404 -2.88514 -0.995826 0.0173005 0.089612 87.0831 
0.132228 0.0241798 0.990924 51.4059 0.0124007 0.999584 -0.0260458 -2.90974 -0.991142 0.0157322 0.131873 87.1746 
0.177409 0.0198198 0.983938 51.9141 0.00980833 0.999712 -0.021906 -2.93302 -0.984088 0.0135371 0.177163 87.2934 
0.225695 0.0165735 0.974057 52.4108 0.0053188 0.999819 -0.0182442 -2.95341 -0.974184 0.00929844 0.225566 87.4407 
0.277046 0.015079 0.960738 52.8944 0.00166493 0.999868 -0.0161732 -2.9719 -0.960855 0.00608029 0.276984 87.6153 
0.331676 0.0148109 0.943277 53.3639 0.000913625 0.999871 -0.0160207 -2.98821 -0.943393 0.00617549 0.33162 87.8149 
0.389565 0.0153647 0.920871 53.813 0.00312398 0.999833 -0.0180037 -3.00439 -0.920994 0.00989041 0.389452 88.039 
0.449214 0.0186345 0.89323 54.2379 0.00403763 0.99973 -0.0228869 -3.02321 -0.893415 0.0138876 0.449018 88.2909 
0.508807 0.0216825 0.860607 54.6389 0.00546816 0.999581 -0.0284167 -3.04273 -0.860863 0.0191646 0.508476 88.5659 
0.566969 0.0257885 0.823335 55.016 0.00155638 0.999475 -0.0323773 -3.05881 -0.823738 0.0196383 0.566631 88.8729 
0.622772 0.0282754 0.781893 55.3662 -0.00181061 0.999396 -0.0346987 -3.07581 -0.782402 0.0201937 0.622447 89.2051 
0.675603 0.0288466 0.736701 55.694 -0.00312133 0.999337 -0.036268 -3.09427 -0.737259 0.0222032 0.675245 89.5574 
0.724644 0.0264495 0.688616 55.9961 -0.00303497 0.999376 -0.0351919 -3.1155 -0.689117 0.0234116 0.724272 89.9283 
0.769815 0.0229685 0.637854 56.274 -0.00510173 0.999542 -0.0298353 -3.13332 -0.638247 0.0197135 0.76958 90.3257 
0.811078 0.0177698 0.584668 56.5254 -0.00548474 0.999726 -0.022776 -3.14886 -0.584912 0.0152664 0.810953 90.7437 
0.847604 0.0149961 0.530418 56.7479 -0.00746444 0.999839 -0.0163396 -3.1628 -0.530577 0.00989022 0.847579 91.1761 
0.878804 0.0113524 0.477048 56.9492 -0.00800487 0.999927 -0.00904904 -3.17393 -0.477116 0.00413363 0.878831 91.6221 
0.904415 0.0118293 0.42649 57.1185 -0.0113885 0.999929 -0.00358394 -3.18652 -0.426502 -0.00161571 0.904485 92.0749 
0.924591 0.0136763 0.380717 57.2678 -0.0147334 0.999891 -0.000137768 -3.19673 -0.380677 -0.00548186 0.924692 92.5367 
0.939866 0.0195246 0.340984 57.3953 -0.021687 0.999762 0.00253076 -3.20396 -0.340853 -0.0097735 0.940066 93.0097 
0.951752 0.02376 0.305947 57.5124 -0.025426 0.999676 0.001461 -3.20539 -0.305813 -0.00916952 0.952047 93.4879 
0.961048 0.0256212 0.275191 57.628 -0.0270968 0.999632 0.00156076 -3.20604 -0.275049 -0.00895674 0.961388 93.9754 
0.967197 0.02011 0.253231 57.7494 -0.0212022 0.999774 0.00158444 -3.20956 -0.253142 -0.00690153 0.967405 94.4682 
0.971189 0.0171003 0.237698 57.8627 -0.018165 0.999832 0.00228965 -3.21804 -0.237619 -0.00654148 0.971336 94.9678 
0.974106 0.0212893 0.225085 57.963 -0.0223006 0.999749 0.00195151 -3.22161 -0.224987 -0.00692052 0.974337 95.4771 
0.97612 0.0268906 0.21556 58.0569 -0.0280694 0.999603 0.00240864 -3.22081 -0.21541 -0.00840178 0.976488 95.9941 
0.977172 0.0345355 0.209623 58.1523 -0.0355364 0.999368 0.0010089 -3.22122 -0.209456 -0.00843513 0.977782 96.5247 
0.977572 0.040376 0.206695 58.25 -0.0407286 0.999167 -0.00255028 -3.2273 -0.206626 -0.00592531 0.978402 97.0555 
0.977686 0.0417053 0.205889 58.3592 -0.0415706 0.999123 -0.00498156 -3.23888 -0.205916 -0.00368855 0.978563 97.5953 
0.97723 0.040278 0.208327 58.4779 -0.0393571 0.999188 -0.00856523 -3.24835 -0.208503 0.000171055 0.978022 98.1451 
0.97642 0.0389689 0.212335 58.6 -0.0366184 0.999217 -0.0149924 -3.25457 -0.212753 0.00686355 0.977082 98.7008 
0.975513 0.0391818 0.216425 58.7299 -0.0357351 0.999165 -0.0198179 -3.26185 -0.217021 0.0115986 0.976098 99.2759 
0.974322 0.0441248 0.220793 58.8529 -0.0408656 0.998978 -0.0193099 -3.27374 -0.221419 0.0097912 0.97513 99.8575 
0.972876 0.04717 0.226467 58.9832 -0.0448668 0.998876 -0.0153097 -3.28674 -0.226935 0.00473354 0.973898 100.459 
0.971867 0.0442398 0.231339 59.1253 -0.0429315 0.999021 -0.0106891 -3.30033 -0.231585 0.00045665 0.972815 101.065 
0.971137 0.0398901 0.235161 59.2815 -0.0397993 0.999195 -0.00513428 -3.31223 -0.235177 -0.00437318 0.971943 101.69 
0.970344 0.0373334 0.238828 59.4367 -0.0383262 0.999265 -0.000487584 -3.32234 -0.23867 -0.00868022 0.971062 102.319 
0.969776 0.032801 0.24178 59.5971 -0.0338392 0.999427 0.000141787 -3.32875 -0.241637 -0.00831915 0.970331 102.956 
0.969813 0.0293841 0.242074 59.7625 -0.0295496 0.999559 -0.00294755 -3.33783 -0.242053 -0.0042946 0.970253 103.598 
0.969936 0.0287814 0.241654 59.9249 -0.0271823 0.999581 -0.00994887 -3.34782 -0.241839 0.00308105 0.970312 104.25 
0.970062 0.031175 0.24085 60.0841 -0.0280016 0.99947 -0.0165879 -3.35771 -0.241239 0.00934708 0.970421 104.916 
0.970611 0.0341966 0.238212 60.2442 -0.0302064 0.999336 -0.020382 -3.36644 -0.238751 0.0125874 0.970999 105.598 
0.971251 0.0325197 0.235826 60.4114 -0.0295529 0.999433 -0.0161051 -3.37846 -0.236216 0.00867277 0.971662 106.299 
0.971706 0.0284005 0.234479 60.5837 -0.027184 0.999595 -0.00841885 -3.39366 -0.234623 0.00180655 0.972085 107.013 
0.972279 0.0287651 0.232047 60.7517 -0.0289625 0.999577 -0.002557 -3.41005 -0.232022 -0.00423454 0.972701 107.738 
0.972586 0.0321526 0.230311 60.9137 -0.032271 0.999474 -0.00325367 -3.42203 -0.230294 -0.00426789 0.973112 108.468 
0.972877 0.037854 0.228204 61.0724 -0.0370314 0.999283 -0.00788725 -3.43147 -0.228339 -0.000777394 0.973581 109.207 
0.973758 0.0387311 0.224268 61.2391 -0.0366938 0.999239 -0.0132463 -3.44093 -0.22461 0.00466943 0.974437 109.953 
0.974706 0.037538 0.220314 61.4083 -0.0348389 0.999263 -0.016125 -3.45373 -0.220757 0.00804161 0.975296 110.714 
0.975643 0.0352645 0.216512 61.5782 -0.0328833 0.999353 -0.0145918 -3.46956 -0.216887 0.00711675 0.976171 111.489 
0.976509 0.0313804 0.213179 61.7502 -0.0293885 0.99949 -0.012507 -3.48752 -0.213463 0.00594819 0.976933 112.275 
0.976914 0.030391 0.211462 61.919 -0.0289972 0.999533 -0.00968959 -3.50495 -0.211658 0.00333408 0.977338 113.072 
0.977277 0.0270951 0.210225 62.0924 -0.0261251 0.999631 -0.00739045 -3.51816 -0.210348 0.00173036 0.977625 113.875 
0.977504 0.0219977 0.209768 62.2691 -0.0211652 0.999757 -0.00621316 -3.53093 -0.209854 0.0016336 0.977731 114.684 
0.977621 0.0227426 0.209142 62.44 -0.0222775 0.999741 -0.00457963 -3.54435 -0.209192 -0.000182018 0.977875 115.501 
0.97737 0.0282265 0.209645 62.6037 -0.0274744 0.999601 -0.00649932 -3.55832 -0.209745 0.000592364 0.977756 116.322 
0.97709 0.0338542 0.210119 62.7688 -0.0325223 0.999423 -0.00979187 -3.57236 -0.210329 0.00273399 0.977627 117.146 
0.976572 0.0427058 0.21091 62.9344 -0.0412302 0.999085 -0.0113908 -3.58626 -0.211203 0.0024281 0.977439 117.978 
0.975641 0.0486506 0.21391 63.1019 -0.0474359 0.998816 -0.0108108 -3.60319 -0.214182 0.000400507 0.976794 118.818 
0.974855 0.0510956 0.216904 63.2772 -0.0503937 0.998691 -0.00876993 -3.62272 -0.217068 -0.00238119 0.976154 119.663 
0.974257 0.0516872 0.219436 63.4606 -0.0508099 0.998662 -0.00964353 -3.64014 -0.219641 -0.00175425 0.975579 120.506 
0.973899 0.0502848 0.221342 63.6475 -0.0487449 0.998734 -0.0124178 -3.65734 -0.221686 0.00130437 0.975117 121.348 
0.973939 0.0439568 0.222509 63.8462 -0.0425826 0.999033 -0.0109726 -3.67677 -0.222776 0.00121165 0.974869 122.192 
0.974143 0.037352 0.222825 64.046 -0.0354703 0.999293 -0.0124426 -3.69932 -0.223132 0.00421718 0.974779 123.035 
0.973857 0.0367515 0.224169 64.2383 -0.0348658 0.999315 -0.0123661 -3.72249 -0.22447 0.00422698 0.974472 123.879 
0.973369 0.0394063 0.225834 64.4273 -0.0382464 0.999223 -0.00951054 -3.7404 -0.226033 0.000619933 0.974119 124.725 
0.972977 0.0415455 0.227133 64.6135 -0.0417659 0.99912 -0.00383767 -3.7553 -0.227093 -0.00575247 0.973856 125.573 
0.972573 0.0450282 0.228199 64.8009 -0.0463403 0.998926 0.000392338 -3.77399 -0.227936 -0.0109564 0.973614 126.417 
0.972351 0.0443798 0.229266 64.9905 -0.0441622 0.999006 -0.00608253 -3.79222 -0.229308 -0.00421055 0.973345 127.246 
0.972624 0.0402025 0.22888 65.1869 -0.0365023 0.999126 -0.0203787 -3.81375 -0.229499 0.0114662 0.973241 128.061 
0.972889 0.0380885 0.228114 65.384 -0.0322369 0.99905 -0.0293249 -3.83598 -0.229014 0.0211762 0.973193 128.879 
0.973128 0.0352251 0.227554 65.5779 -0.0314233 0.9993 -0.0203097 -3.855 -0.22811 0.0126134 0.973554 129.718 
0.973531 0.0287505 0.22674 65.7733 -0.0296398 0.999561 0.000517839 -3.8774 -0.226625 -0.00722467 0.973955 130.566 
0.973807 0.0253108 0.225964 65.9658 -0.0296149 0.999438 0.0156777 -3.89885 -0.225441 -0.0219589 0.974009 131.406 
0.973831 0.0299289 0.225292 66.1429 -0.033031 0.999404 0.0100117 -3.90898 -0.224858 -0.0171913 0.97424 132.223 
0.973969 0.038298 0.223421 66.3132 -0.0379076 0.999263 -0.00603757 -3.91504 -0.223488 -0.00258896 0.974703 133.028 
0.974248 0.0385024 0.222166 66.492 -0.0363254 0.999244 -0.0138783 -3.92313 -0.222532 0.00545066 0.97491 133.838 
0.97486 0.0344461 0.220139 66.6758 -0.032023 0.999381 -0.0145675 -3.94565 -0.220504 0.00715176 0.97536 134.652 
0.975467 0.034178 0.217476 66.8524 -0.0321449 0.9994 -0.0128804 -3.973 -0.217786 0.00557361 0.975981 135.47 
0.976289 0.0337711 0.213823 67.0232 -0.031463 0.999404 -0.0141895 -3.99029 -0.214174 0.00712551 0.976769 136.284 
0.977296 0.034862 0.208992 67.1913 -0.0322667 0.999354 -0.015816 -4.01073 -0.209408 0.00871345 0.977789 137.095 
0.977708 0.0399693 0.206131 67.3467 -0.0375169 0.999171 -0.0157939 -4.03587 -0.206592 0.00770839 0.978397 137.905 
0.977858 0.0460632 0.204136 67.4971 -0.043691 0.998915 -0.0161147 -4.05554 -0.204657 0.00683903 0.97881 138.715 
0.978155 0.0474753 0.202385 67.6535 -0.0455486 0.998862 -0.0141691 -4.07863 -0.202827 0.00464128 0.979204 139.524 
0.978476 0.045369 0.20131 67.8139 -0.044414 0.99897 -0.00926014 -4.10048 -0.201523 0.000119839 0.979484 140.332 
0.978828 0.0439746 0.199904 67.9726 -0.042996 0.999033 -0.00923603 -4.1212 -0.200116 0.000445426 0.979772 141.135 
0.979428 0.0423581 0.1973 68.1298 -0.0407577 0.999095 -0.0121666 -4.14298 -0.197637 0.00387485 0.980268 141.931 
0.980586 0.0376437 0.192445 68.2882 -0.0352358 0.999252 -0.0159205 -4.16387 -0.1929 0.00883048 0.981179 142.725 
0.981936 0.0348792 0.185971 68.4398 -0.0322973 0.999335 -0.0168957 -4.18291 -0.186437 0.0105841 0.98241 143.521 
0.983167 0.0331271 0.179681 68.5815 -0.0315757 0.999435 -0.0114883 -4.20239 -0.17996 0.00562137 0.983658 144.324 
0.984306 0.0304969 0.173815 68.7178 -0.0304296 0.999532 -0.00305265 -4.22013 -0.173827 -0.00228437 0.984774 145.131 
0.985032 0.0274885 0.170167 68.855 -0.0289894 0.99956 0.00634152 -4.23147 -0.169918 -0.0111796 0.985395 145.938 
0.985495 0.0341655 0.166233 68.9737 -0.0361666 0.999305 0.0090248 -4.24078 -0.165809 -0.014906 0.986045 146.739 
0.98618 0.0370221 0.161487 69.0915 -0.0382475 0.999258 0.0044852 -4.24994 -0.161201 -0.0105997 0.986865 147.535 
0.987346 0.0376546 0.154048 69.2114 -0.0372233 0.999291 -0.00568403 -4.25887 -0.154153 -0.000122088 0.988047 148.327 
0.988447 0.0344858 0.147591 69.3296 -0.0332005 0.999386 -0.0111637 -4.26493 -0.147885 0.00613466 0.988985 149.127 
0.989435 0.0336344 0.141025 69.4395 -0.0325407 0.99942 -0.0100545 -4.27812 -0.141281 0.00535923 0.989955 149.939 
0.99023 0.0402778 0.133502 69.5327 -0.0397593 0.999188 -0.00654811 -4.29684 -0.133657 0.0011762 0.991027 150.758 
0.991036 0.0457478 0.125518 69.6162 -0.0451098 0.998951 -0.00792149 -4.31376 -0.125749 0.00218837 0.99206 151.576 
0.992143 0.0484221 0.115358 69.7009 -0.0471621 0.998794 -0.0136293 -4.32951 -0.115878 0.00808175 0.993231 152.391 
0.993156 0.0470503 0.106904 69.7839 -0.0456069 0.998833 -0.0159083 -4.34542 -0.107527 0.0109239 0.994142 153.212 
0.993985 0.0470711 0.0988825 69.8587 -0.0460095 0.998857 -0.0129906 -4.36226 -0.099381 0.0083629 0.995014 154.04 
0.994582 0.0496884 0.0913145 69.9209 -0.0493679 0.998764 -0.00576563 -4.3808 -0.0914881 0.00122638 0.995805 154.875 
0.995108 0.0530903 0.0833135 69.9746 -0.0532813 0.99858 6.88242e-05 -4.39395 -0.0831915 -0.00450754 0.996523 155.71 
0.995755 0.0520577 0.0759084 70.0296 -0.0524739 0.998616 0.00349747 -4.40396 -0.0756213 -0.00746583 0.997109 156.542 
0.996161 0.0528828 0.0697649 70.0794 -0.0534078 0.998557 0.00568047 -4.41152 -0.0693638 -0.00938465 0.997547 157.373 
0.996494 0.0519892 0.065555 70.127 -0.0523587 0.998621 0.00392919 -4.42067 -0.0652603 -0.00734778 0.997841 158.2 
0.996525 0.0568579 0.0608701 70.1639 -0.0568739 0.99838 -0.00147129 -4.43049 -0.0608551 -0.00199575 0.998145 159.023 
0.996389 0.0628681 0.0570727 70.1931 -0.0625068 0.998012 -0.00809541 -4.44216 -0.0574682 0.00449874 0.998337 159.846 
0.996474 0.0641424 0.0540819 70.226 -0.0636735 0.997917 -0.0103503 -4.45302 -0.0546331 0.00687027 0.998483 160.67 
0.996522 0.0657955 0.0511339 70.2595 -0.0656636 0.997833 -0.00425675 -4.46484 -0.0513032 0.000884304 0.998683 161.505 
0.996466 0.0678929 0.0494551 70.2864 -0.0682811 0.997647 0.0062006 -4.47313 -0.0489178 -0.00955553 0.998757 162.342 
0.996529 0.0691477 0.0463619 70.3136 -0.0698426 0.997466 0.0135368 -4.48209 -0.0453084 -0.0167279 0.998833 163.176 
0.996975 0.0658037 0.0413502 70.3431 -0.0662876 0.997746 0.0104404 -4.48977 -0.04057 -0.0131498 0.99909 163.995 
0.997936 0.0535886 0.0353822 70.3804 -0.0536429 0.99856 0.00058494 -4.496 -0.0352999 -0.00248173 0.999374 164.807 
0.998285 0.0513114 0.0281967 70.4047 -0.051219 0.998679 -0.00399005 -4.49683 -0.0283642 0.002539 0.999594 165.624 
0.998247 0.0551616 0.021471 70.4089 -0.0551187 0.998476 -0.00258336 -4.50475 -0.0215807 0.00139538 0.999766 166.45 
0.998491 0.0531113 0.0139667 70.4136 -0.0531697 0.998578 0.00384885 -4.51595 -0.0137424 -0.00458565 0.999895 167.282 
0.998839 0.0477395 0.00647375 70.422 -0.0477875 0.99883 0.00747589 -4.52278 -0.00610928 -0.00777657 0.999951 168.116 
0.999239 0.038987 0.000850956 70.4261 -0.0389943 0.999172 0.0116409 -4.52183 -0.000396406 -0.0116653 0.999932 168.952 
0.99938 0.0348035 -0.0054075 70.4224 -0.0347383 0.999328 0.0117194 -4.52736 0.00581174 -0.0115243 0.999917 169.784 
0.99943 0.0316224 -0.0118022 70.4099 -0.0315652 0.999489 0.00499829 -4.5362 0.0119543 -0.0046229 0.999918 170.611 
0.999558 0.0225451 -0.0193982 70.3995 -0.0226471 0.999731 -0.00505549 -4.54152 0.019279 0.00549256 0.999799 171.435 
0.999583 0.0123645 -0.0261104 70.391 -0.0126044 0.99988 -0.00904536 -4.5481 0.0259954 0.00937069 0.999618 172.267 
0.999342 0.0161154 -0.0325033 70.3573 -0.0161731 0.999868 -0.00151463 -4.5571 0.0324746 0.00203931 0.99947 173.112 
0.998945 0.0267841 -0.0373052 70.3041 -0.0263607 0.999583 0.0117958 -4.56309 0.0376055 -0.0108 0.999234 173.965 
0.998619 0.0317896 -0.0418232 70.254 -0.0309926 0.999328 0.0195686 -4.57005 0.0424172 -0.0182454 0.998933 174.813 
0.998474 0.031229 -0.0455501 70.2079 -0.0304992 0.999396 0.0166298 -4.57054 0.046042 -0.0152152 0.998824 175.652 
0.998321 0.0328301 -0.0477159 70.1585 -0.0325861 0.999452 0.00588327 -4.56996 0.0478829 -0.00431852 0.998844 176.482 
0.997765 0.0435074 -0.0507155 70.0951 -0.0437281 0.999038 -0.00324811 -4.57257 0.0505254 0.00545854 0.998708 177.315 
0.997721 0.0418288 -0.0529465 70.044 -0.0422491 0.999084 -0.00684305 -4.58032 0.0526117 0.00906439 0.998574 178.155 
0.997802 0.0365351 -0.0552774 70.0037 -0.0367003 0.999324 -0.0019773 -4.59067 0.0551678 0.00400166 0.998469 179.007 
0.99781 0.0367881 -0.0549762 69.952 -0.0364668 0.999311 0.00683609 -4.59848 0.0551899 -0.0048163 0.998464 179.866 
0.997765 0.0386273 -0.0545157 69.8949 -0.0380058 0.999201 0.0123926 -4.60419 0.0549508 -0.010293 0.998436 180.721 
0.997675 0.038534 -0.0562134 69.8414 -0.0379395 0.999213 0.0116043 -4.60907 0.0566163 -0.0094446 0.998351 181.57 
0.997664 0.0352448 -0.0585217 69.7892 -0.0351557 0.999379 0.00255174 -4.61559 0.0585753 -0.000488408 0.998283 182.41 
0.997838 0.0245257 -0.0609675 69.749 -0.0251198 0.999644 -0.00899682 -4.62615 0.0607251 0.0105089 0.998099 183.247 
0.997909 0.0141353 -0.0630749 69.7085 -0.0149874 0.999802 -0.0130569 -4.63791 0.0628779 0.0139749 0.997923 184.092 
0.997809 0.0168156 -0.0639875 69.6478 -0.0173909 0.999813 -0.00844501 -4.6518 0.0638335 0.00953931 0.997915 184.945 
0.997625 0.022855 -0.0649782 69.5807 -0.0227505 0.999738 0.00234761 -4.66736 0.0650149 -0.000863752 0.997884 185.8 
0.997503 0.0239458 -0.0664432 69.5188 -0.0236006 0.999704 0.0059754 -4.6835 0.0665666 -0.00439238 0.997772 186.647 
0.997463 0.0229141 -0.0673983 69.4607 -0.0228144 0.999737 0.00224841 -4.69365 0.0674321 -0.000705054 0.997724 187.483 
0.997469 0.0231266 -0.0672343 69.3985 -0.0234477 0.999717 -0.00399147 -4.70141 0.067123 0.00555786 0.997729 188.315 
0.997263 0.0298086 -0.0676635 69.3278 -0.0301739 0.999535 -0.00438303 -4.71153 0.0675013 0.0064127 0.997699 189.149 
0.997154 0.0325933 -0.0679763 69.2619 -0.0327578 0.999462 -0.00130534 -4.72584 0.0678972 0.00352838 0.997686 189.984 
0.996971 0.0364294 -0.0687183 69.195 -0.0363828 0.999336 0.0019303 -4.73908 0.068743 0.000575713 0.997634 190.817 
0.996834 0.0399433 -0.0687556 69.1284 -0.0397133 0.9992 0.0047099 -4.74798 0.0688887 -0.00196447 0.997622 191.646 
