TODO:   check the error of for id and frame id
TODO:   set sliding window size as 2

Frame 00001
before optimize: _trajectory.atId(it.first:0
 1 -0  0 -0
-0  1 -0  0
 0 -0  1 -0
-0  0 -0  1
before optimize: _trajectory.atId(it.first:1
           1   0.00016037 -0.000555893  0.000497838
 -0.00015963     0.999999   0.00133204 -0.000224778
 0.000556106  -0.00133195     0.999999  0.000226576
          -0            0            0            1

Ceres Solver Report: Iterations: 30, Initial cost: 9.389831e+03, Final cost: 6.272520e+03, Termination: CONVERGENCE
after optimize: _trajectory.atId(it.first:0
 1  0 -0  0
-0  1  0  0
 0 -0  1 -0
 0  0  0  1
after optimize: _trajectory.atId(it.first:1
    0.999999  0.000281518    0.0013859  -0.00293001
-0.000280978            1 -0.000389733   0.00399567
 -0.00138601  0.000389343     0.999999  0.000965381
           0            0            0            1



Frame 00002
before optimize: _trajectory.atId(it.first:1
    0.999999  0.000281518    0.0013859  -0.00293001
-0.000280978            1 -0.000389733   0.00399567
 -0.00138601  0.000389343     0.999999  0.000965381
           0            0            0            1
before optimize: _trajectory.atId(it.first:2
    0.999999  2.35763e-05   0.00130412  -0.00263189
-2.49512e-05     0.999999   0.00105428   0.00395176
  -0.0013041  -0.00105431     0.999999   0.00106104
           0            0            0            1
Ceres Solver Report: Iterations: 41, Initial cost: 6.796304e+03, Final cost: 1.612882e+03, Termination: CONVERGENCE
after optimize: _trajectory.atId(it.first:1
    0.999999  0.000281518    0.0013859  -0.00293001
-0.000280978            1 -0.000389733   0.00399567
 -0.00138601  0.000389343     0.999999  0.000965381
           0            0            0            1
after optimize: _trajectory.atId(it.first:2
   0.999994  0.00232982  0.00263607 -0.00814366
-0.00233305    0.999997  0.00122172 -0.00105254
-0.00263321 -0.00122786    0.999996   0.0029577
          0           0           0           1



Frame 00003
before optimize: _trajectory.atId(it.first:2
   0.999994  0.00232982  0.00263607 -0.00814366
-0.00233305    0.999997  0.00122172 -0.00105254
-0.00263321 -0.00122786    0.999996   0.0029577
          0           0           0           1
before optimize: _trajectory.atId(it.first:3
    0.999989   0.00290947   0.00368406  -0.00924085
 -0.00290272     0.999994  -0.00183503 -0.000648674
 -0.00368937   0.00182432     0.999992   0.00259148
           0            0            0            1
Ceres Solver Report: Iterations: 61, Initial cost: 1.813508e+04, Final cost: 4.430577e+03, Termination: CONVERGENCE
after optimize: _trajectory.atId(it.first:2
   0.999994  0.00232982  0.00263607 -0.00814366
-0.00233305    0.999997  0.00122172 -0.00105254
-0.00263321 -0.00122786    0.999996   0.0029577
          0           0           0           1
after optimize: _trajectory.atId(it.first:3
   0.999991  0.00383364  0.00176572 -0.00673171
-0.00383044    0.999991  -0.0018146  0.00134528
-0.00177266  0.00180782    0.999997  0.00226934
          0           0           0           1




Frame 00023
before optimize: _trajectory.atId(it.first:27
   0.999649  -0.0103634   0.0243669  -0.0744525
  0.0106446    0.999878  -0.0114379   0.0147844
 -0.0242454   0.0116932    0.999638 -0.00778105
          0           0           0           1
before optimize: _trajectory.atId(it.first:28
   0.999642 -0.00923832   0.0250905  -0.0786457
  0.0095169    0.999894  -0.0110066   0.0152787
 -0.0249861   0.0112414    0.999625  -0.0085797
          0           0           0           1
 Ceres Solver Report: Iterations: 75, Initial cost: 1.475851e+04, Final cost: 3.143498e+03, Termination: CONVERGENCE

after optimize: _trajectory.atId(it.first:27
   0.999649  -0.0103634   0.0243669  -0.0744525
  0.0106446    0.999878  -0.0114379   0.0147844
 -0.0242454   0.0116932    0.999638 -0.00778105
          0           0           0           1
after optimize: _trajectory.atId(it.first:28
   0.999595  -0.0108688   0.0262998  -0.0808253
   0.011167    0.999875  -0.0112197   0.0151795
 -0.0261746   0.0115088    0.999591 -0.00716763
          0           0           0
Frame 00024
before optimize: _trajectory.atId(it.first:28
   0.999595  -0.0108688   0.0262998  -0.0808253
   0.011167    0.999875  -0.0112197   0.0151795
 -0.0261746   0.0115088    0.999591 -0.00716763
          0           0           0           1
before optimize: _trajectory.atId(it.first:29
   0.999528  -0.0102137   0.0289605  -0.0873105
  0.0106014    0.999856  -0.0132646   0.0162318
 -0.0288209   0.0135654    0.999493 -0.00903781
          0           0           0           1
Ceres Solver Report: Iterations: 52, Initial cost: 1.368557e+04, Final cost: 4.784381e+03, Termination: CONVERGENCE
after optimize: _trajectory.atId(it.first:28
   0.999595  -0.0108688   0.0262998  -0.0808253
   0.011167    0.999875  -0.0112197   0.0151795
 -0.0261746   0.0115088    0.999591 -0.00716763
          0           0           0           1
after optimize: _trajectory.atId(it.first:29
   0.999547 -0.00993463    0.028424  -0.0870626
  0.0103049    0.999864   -0.012911   0.0167326
 -0.0282919   0.0131981    0.999513 -0.00919414
          0           0           0           1


Frame 00103
before optimize: _trajectory.atId(it.first:127
  0.969177 -0.0564586   0.239808  -0.939916
  0.057665   0.998334 0.00198897  0.0698362
 -0.239521  0.0119009   0.970818  0.0246547
         0          0          0          1
before optimize: _trajectory.atId(it.first:128
  0.969319 -0.0571117   0.239078  -0.952762
 0.0574074   0.998334 0.00573207  0.0714879
 -0.239007 0.00816864   0.970984  0.0319265
         0          0          0          1
Ceres Solver Report: Iterations: 66, Initial cost: 1.053817e+04, Final cost: 1.655049e+03, Termination: CONVERGENCE
after optimize: _trajectory.atId(it.first:127
  0.969177 -0.0564586   0.239808  -0.939916
  0.057665   0.998334 0.00198897  0.0698362
 -0.239521  0.0119009   0.970818  0.0246547
         0          0          0          1
after optimize: _trajectory.atId(it.first:128
  0.969343 -0.0572424   0.238949  -0.947161
 0.0572781   0.998335 0.00680072  0.0706584
 -0.238941 0.00709431   0.971008  0.0312352
         0          0          0          1



Large deviation occurred in frame 104
 Frame 00104
 before optimize: _trajectory.atId(it.first:128
   0.969343 -0.0572424   0.238949  -0.947161
  0.0572781   0.998335 0.00680072  0.0706584
  -0.238941 0.00709431   0.971008  0.0312352
          0          0          0          1
 before optimize: _trajectory.atId(it.first:129
   0.969478 -0.0573517   0.238376  -0.956839
  0.0569583    0.99834 0.00854402  0.0712757
  -0.238471 0.00529429   0.971135  0.0374245
          0          0          0          1
Ceres Solver Report: Iterations: 33, Initial cost: 2.115022e+04, Final cost: 4.342397e+03, Termination: CONVERGENCE
after optimize: _trajectory.atId(it.first:128
  0.969343 -0.0572424   0.238949  -0.947161
 0.0572781   0.998335 0.00680072  0.0706584
 -0.238941 0.00709431   0.971008  0.0312352
         0          0          0          1
after optimize: _trajectory.atId(it.first:129
  0.968973 -0.0580632   0.240248  -0.960812
 0.0572168   0.998307   0.010503  0.0704993
 -0.240451 0.00356906   0.970655  0.0420785
         0          0          0          1
