

bad default init relative pose:
Ceres Solver Report: Iterations: 27, Initial cost: 4.647865e+04, Final cost: 3.359560e+04, Termination: CONVERGENCE
Ceres Solver Report: Iterations: 27, Initial cost: 2.773258e+04, Final cost: 2.280465e+04, Termination: CONVERGENCE
Ceres Solver Report: Iterations: 39, Initial cost: 2.577149e+04, Final cost: 1.937220e+04, Termination: CONVERGENCE

ORB init absolute pose:
Ceres Solver Report: Iterations: 23, Initial cost: 4.900934e+04, Final cost: 3.273604e+04, Termination: CONVERGENCE
Ceres Solver Report: Iterations: 35, Initial cost: 2.670151e+04, Final cost: 2.245028e+04, Termination: CONVERGENCE
Ceres Solver Report: Iterations: 49, Initial cost: 2.526957e+04, Final cost: 1.922537e+04, Termination: CONVERGENCE


GT init absolute pose:
Ceres Solver Report: Iterations: 45, Initial cost: 1.604652e+04, Final cost: 4.518630e+03, Termination: CONVERGENCE
Ceres Solver Report: Iterations: 45, Initial cost: 7.440663e+03, Final cost: 4.944749e+03, Termination: CONVERGENCE
Ceres Solver Report: Iterations: 48, Initial cost: 1.036465e+04, Final cost: 5.766216e+03, Termination: CONVERGENCE



Of kitti format absolute pose:
Frame 00001
T:    0.999991 -0.00265113 -0.00338543 -0.00293777
 0.00264387    0.999995 -0.00210797 -0.00576197
 0.00339157  0.00209903    0.999992    0.673247
          0           0           0           1
T_w:    0.999991 -0.00265113 -0.00338543 -0.00293777
 0.00264387    0.999995 -0.00210797 -0.00576197
 0.00339157  0.00209903    0.999992    0.673247
          0           0           0           1


Frame 00002
T:    0.999972 -0.00138015 -0.00738832  -0.0162717
 0.00135245    0.999993 -0.00360541 -0.00995623
 0.00739391  0.00359546    0.999966     1.36215
          0           0           0           1
T_w:    0.999972 -0.00138015 -0.00738832  -0.0162717
 0.00135245    0.999993 -0.00360541 -0.00995623
 0.00739391  0.00359546    0.999966     1.36215
          0           0           0           1

Frame 00003
T:    0.999933 -0.00144451   -0.011512  -0.0280763
 0.00138434    0.999986 -0.00511915  -0.0123475
    0.01152  0.00510281    0.999921      2.0767
          0           0           0           1
T_w:    0.999933 -0.00144451   -0.011512  -0.0280763
 0.00138434    0.999986 -0.00511915  -0.0123475
    0.01152  0.00510281    0.999921      2.0767
          0           0           0           1


Of kitti format relative pose:
Frame 00001
T:  0.999991  0.002644  0.003391   0.00067
-0.002651  0.999994  0.002099  0.004341
-0.003386 -0.002108  0.999992 -0.673264
        0         0         0         1
T_w:    0.999991 -0.00265113 -0.00338543 -0.00293777
 0.00264387    0.999995 -0.00210797 -0.00576197
 0.00339157  0.00209903    0.999992    0.673247
          0           0           0           1

Frame 00002
T:  0.999991 -0.001282  0.004005  0.008246
0.001277  0.999998  0.001492  0.001699
-0.004007 -0.001487  0.999991 -0.688997
      0         0         0         1
T_w:    0.999972 -0.00138015 -0.00738832  -0.0162717
0.00135245    0.999993 -0.00360541 -0.00995623
0.00739391  0.00359546    0.999966     1.36215
        0           0           0           1

Frame 00003
T:  0.999991   4.7e-05  0.004126  0.003576
 -5.3e-05  0.999999  0.001508 -0.001272
-0.004126 -0.001508   0.99999  -0.71464
        0         0         0         1
T_w:    0.999933 -0.00144451   -0.011512  -0.0280763
 0.00138434    0.999986 -0.00511915  -0.0123475
    0.01152  0.00510281    0.999921      2.0767
          0           0           0           1




before optimize: _trajectory.atId(it.first:
   0.997276  0.00293397  -0.0736955    -2.87058
-0.00298201    0.999995 -0.00054184   -0.491451
  0.0736936 0.000760125    0.997281     47.2898
          0           0           0           1
before optimize: _trajectory.atId(it.first:
   0.997231   0.0037336  -0.0742764    -2.94904
-0.00387784    0.999991 -0.00179785   -0.501533
   0.074269   0.0020809    0.997236     48.2516
          0           0           0           1
before optimize: _trajectory.atId(it.first:
   0.997221  0.00241862  -0.0744642    -3.02331
-0.00229339    0.999996  0.00176721   -0.514199
  0.0744681 -0.00159152    0.997222     49.2168
          0           0           0           1
before optimize: _trajectory.atId(it.first:
    0.997208  0.000432748   -0.0746761     -3.10118
-7.31593e-05     0.999988   0.00481799    -0.524172
   0.0746773  -0.00479907     0.997196      50.1833
           0            0            0            1
before optimize: _trajectory.atId(it.first:
     0.99686 -0.000634569   -0.0792007     -3.30868
 0.000935833     0.999993   0.00379146    -0.537003
   0.0792007  -0.00386011     0.996854      51.5946
           0            0            0            1
!!!!!!!!!!!!!!!!!!!!!!!!!!!!!!!!---What---!!!!!!!!!!!!!!!!!!!!!!!!!!!!!!!!!!!!!!!!!!!!!!!!!!
Ceres Solver Report: Iterations: 64, Initial cost: 6.234766e+04, Final cost: 3.749860e+04, Termination: CONVERGENCE
"after optimize:_trajectory.atId(it.first:
   0.997276  0.00293397  -0.0736955    -2.87058
-0.00298201    0.999995 -0.00054184   -0.491451
  0.0736936 0.000760125    0.997281     47.2898
          0           0           0           1
"after optimize:_trajectory.atId(it.first:
    0.99723  0.00371276   -0.074293    -2.94822
-0.00385847    0.999991 -0.00181795   -0.501077
  0.0742856  0.00209958    0.997235     48.2508
          0           0           0           1
"after optimize:_trajectory.atId(it.first:
   0.997223  0.00242892  -0.0744386     -3.0229
-0.00230568    0.999996  0.00174141   -0.513823
  0.0744426 -0.00156494    0.997224     49.2147
          0           0           0           1
"after optimize:_trajectory.atId(it.first:
    0.997204  0.000482729    -0.074728      -3.0961
-0.000122833     0.999988   0.00482059      -0.5248
   0.0747295  -0.00479793     0.997192      50.1762
           0            0            0            1
"after optimize:_trajectory.atId(it.first:
   0.997194 -0.00149866  -0.0748489    -3.17904
 0.00190668    0.999984  0.00538012   -0.532208
  0.0748396 -0.00550774     0.99718     51.1408
          0           0           0           1



   0.999991 -0.00265113 -0.00338543 -0.00293777
 0.00264387    0.999995 -0.00210797 -0.00576197
 0.00339157  0.00209903    0.999992    0.673247
          0           0           0           1
before optimize: _trajectory.atId(it.first:
   0.999972 -0.00138015 -0.00738832  -0.0162717
 0.00135245    0.999993 -0.00360541 -0.00995623
 0.00739391  0.00359546    0.999966     1.36215
          0           0           0           1
before optimize: _trajectory.atId(it.first:
   0.999933 -0.00144451   -0.011512  -0.0280763
 0.00138434    0.999986 -0.00511915  -0.0123475
    0.01152  0.00510281    0.999921      2.0767
          0           0           0           1
before optimize: _trajectory.atId(it.first:
    0.999865 -4.68692e-05   -0.0164525   -0.0468092
 -4.9028e-05     0.999984  -0.00574397   -0.0177683
   0.0164533   0.00574389     0.999848      2.80335
           0            0            0            1




before optimize: _trajectory.atId(it.first:
    0.999109   0.00241007   -0.0421333    -0.223095
 -0.00244848     0.999997 -0.000859935   -0.0734083
   0.0421311  0.000962331     0.999112       7.4172
           0            0            0            1
before optimize: _trajectory.atId(it.first:
    0.99899  0.00389833  -0.0447527   -0.266344
-0.00396772    0.999991 -0.00146168  -0.0832998
  0.0447466  0.00163777    0.998997     8.22395
          0           0           0           1
before optimize: _trajectory.atId(it.first:
   0.998892  0.00336217  -0.0469356   -0.309045
-0.00344428    0.999993 -0.00166881   -0.090322
  0.0469296  0.00182862    0.998897     9.03904
          0           0           0           1
before optimize: _trajectory.atId(it.first:
    0.99881 0.000358934  -0.0487637   -0.348389
-0.00046977    0.999997 -0.00226148  -0.0967292
  0.0487627   0.0022817    0.998808     9.86322
          0           0           0           1
before optimize: _trajectory.atId(it.first:
   0.998708 0.000255394  -0.0508109   -0.395272
-0.00033394    0.999998  -0.0015458   -0.102833
  0.0508104  0.00156151    0.998707     10.7013
          0           0           0           1






87:
T:
  0.994282  0.0101715  -0.106323   -5.69633
-0.0115612   0.999857 -0.0124087  -0.885684
  0.106187  0.0135631   0.994255    75.8617
         0          0          0          1
T_abs:
  0.994282  0.0101715  -0.106323   -5.69633
-0.0115612   0.999857 -0.0124087  -0.885684
  0.106187  0.0135631   0.994255    75.8617
         0          0          0          1

Difference Between:

show back() at 88 val(i.e at 87):
  0.994282  0.0101715  -0.106323   -5.69633
-0.0115612   0.999857 -0.0124087  -0.885684
  0.106187  0.0135631   0.994255    75.8617
         0          0          0          1

ignore---1-------------:
 show _data.empty():0and !_data.empty():1
show back() at 88 val:
    0.99512  0.00716502  -0.0984145    -5.36631
-0.00820113    0.999915  -0.0101275   -0.813675
  0.0983335   0.0108852    0.995094     74.9379
          0           0           0           1
ignore---0-------------:




Frame 00017
show T_inv() at 17 val:
    0.999999  0.000636318  -0.00139468  -0.00620095
-0.000640683     0.999997  -0.00264111  -0.00671714
  0.00139331   0.00264189     0.999995     0.862628
          -0           -0           -0            1
 show _data.empty():0and !_data.empty():1
show back() at 17 val:
   0.998409   0.0007953  -0.0563898    -0.49279
-0.00105718    0.999989 -0.00461132   -0.106873
  0.0563873  0.00466402    0.998398     12.5081
          0           0           0           1
==================divide=======================:
T:
   0.998328  0.00128163  -0.0577841    -0.54763
-0.00170428    0.999973  -0.0072509   -0.117561
  0.0577753  0.00733754    0.998302      13.369
          0           0           0           1
T_abs:
   0.998328  0.00128163  -0.0577841    -0.54763
-0.00170428    0.999973  -0.0072509   -0.117561
  0.0577753  0.00733754    0.998302      13.369
          0           0           0           1
ignore---1-------------:
 show T_inv() at 17 val:
    0.999999  0.000636318  -0.00139468  -0.00620095
-0.000640683     0.999997  -0.00264111  -0.00671714
  0.00139331   0.00264189     0.999995     0.862628
          -0           -0           -0            1
 show _data.empty():0and !_data.empty():1
show back() at 17 val:
   0.998537  0.00116208  -0.0540692   -0.490977
-0.00137508    0.999991 -0.00390221   -0.126909
  0.0540642  0.00397085     0.99853     12.3868
          0           0           0           1
ignore---0-------------:


===========================================comparing====================================


Frame 00018
 show T_inv() at 18 val:
    0.99999  0.00406411  -0.0017298   -0.011855
-0.00406689    0.999991 -0.00166998 -0.00487571
  0.0017232  0.00167702    0.999997    0.874087
         -0          -0          -0           1

 show _data.empty():0and !_data.empty():1
show back() at 18 val:
   0.998328  0.00128163  -0.0577841    -0.54763
-0.00170428    0.999973  -0.0072509   -0.117561
  0.0577753  0.00733754    0.998302      13.369
          0           0           0           1
==================divide=======================:
 show T_inv() at 18 val:
    0.99999  0.00406411  -0.0017298   -0.011855
-0.00406689    0.999991 -0.00166998 -0.00487571
  0.0017232  0.00167702    0.999997    0.874087
         -0          -0          -0           1
 show _data.empty():0and !_data.empty():1
!!!!!!!!!!!!!!
real _trajectory:
show back() at 18 val(at 17):
   0.998464  0.00161572  -0.0553879   -0.544207
-0.00197976    0.999977 -0.00651831   -0.137629
   0.055376  0.00661795    0.998444     13.2447
          0           0           0           1





// ===================================// result //=================================//


/home/lei/Documents/Research/nldso_photometricLoss/cmake-build-release/pba
trajectory name: ../data/kitti_init_poor/00.txt
Frame 00000


 show T_inv() at 0 val:
 1 -0  0 -0
-0  1 -0  0
 0 -0  1 -0
-0  0 -0  1

 show _data.empty():1and !_data.empty():0

 show empty case: current id:0 and T_inv
  1 -0  0 -0
-0  1 -0  0
 0 -0  1 -0
-0  0 -0  1
==================divide=======================:

T:
 1 -0  0 -0
-0  1 -0  0
 0 -0  1 -0
-0  0 -0  1
T_abs:
1 0 0 0
0 1 0 0
0 0 1 0
0 0 0 1
ignore---1-------------:



 show T_inv() at 0 val:
 1 -0  0 -0
-0  1 -0  0
 0 -0  1 -0
-0  0 -0  1

 show _data.empty():1and !_data.empty():0

 show empty case: current id:0 and T_inv
  1 -0  0 -0
-0  1 -0  0
 0 -0  1 -0
-0  0 -0  1
T_w:  1 -0  0 -0
-0  1 -0  0
 0 -0  1 -0
-0  0 -0  1
ignore---0-------------:

[ pba.cpp:0629 ]: updated 0 [-nan%] max 0 new 4096
[ pba.cpp:0633 ]: num_channels 1 num_new_points 4096
Frame 00001


 show T_inv() at 1 val:
   0.999991 -0.00265113 -0.00338543 -0.00293777
 0.00264387    0.999995 -0.00210797 -0.00576197
 0.00339157  0.00209903    0.999992    0.673247
         -0           0          -0           1

 show _data.empty():0and !_data.empty():1
show back() at 1 val:
 1 -0  0 -0
-0  1 -0  0
 0 -0  1 -0
-0  0 -0  1
==================divide=======================:

T:
   0.999991 -0.00265113 -0.00338543 -0.00293777
 0.00264387    0.999995 -0.00210797 -0.00576197
 0.00339157  0.00209903    0.999992    0.673247
          0           0           0           1
T_abs:
   0.999991 -0.00265113 -0.00338543 -0.00293777
 0.00264387    0.999995 -0.00210797 -0.00576197
 0.00339157  0.00209903    0.999992    0.673247
          0           0           0           1
ignore---1-------------:



 show T_inv() at 1 val:
   0.999991 -0.00265113 -0.00338543 -0.00293777
 0.00264387    0.999995 -0.00210797 -0.00576197
 0.00339157  0.00209903    0.999992    0.673247
         -0           0          -0           1

 show _data.empty():0and !_data.empty():1
show back() at 1 val:
 1 -0  0 -0
-0  1 -0  0
 0 -0  1 -0
-0  0 -0  1
T_w:    0.999991 -0.00265113 -0.00338543 -0.00293777
 0.00264387    0.999995 -0.00210797 -0.00576197
 0.00339157  0.00209903    0.999992    0.673247
          0           0           0           1
ignore---0-------------:

[ pba.cpp:0629 ]: updated 3436 [83.89%] max 4096 new 4096
[ pba.cpp:0633 ]: num_channels 1 num_new_points 4096
Frame 00002


 show T_inv() at 2 val:
   0.999991  0.00127603 -0.00400691  -0.0110088
-0.00128297    0.999998 -0.00148687 -0.00271287
 0.00400509  0.00149212    0.999991    0.688955
         -0          -0          -0           1

 show _data.empty():0and !_data.empty():1
show back() at 2 val:
   0.999991 -0.00265113 -0.00338543 -0.00293777
 0.00264387    0.999995 -0.00210797 -0.00576197
 0.00339157  0.00209903    0.999992    0.673247
          0           0           0           1
==================divide=======================:

T:
   0.999972 -0.00138015 -0.00738832  -0.0162717
 0.00135245    0.999993 -0.00360541 -0.00995623
 0.00739391  0.00359546    0.999966     1.36215
          0           0           0           1
T_abs:
   0.999972 -0.00138015 -0.00738832  -0.0162717
 0.00135245    0.999993 -0.00360541 -0.00995623
 0.00739391  0.00359546    0.999966     1.36215
          0           0           0           1
ignore---1-------------:



 show T_inv() at 2 val:
   0.999991  0.00127603 -0.00400691  -0.0110088
-0.00128297    0.999998 -0.00148687 -0.00271287
 0.00400509  0.00149212    0.999991    0.688955
         -0          -0          -0           1

 show _data.empty():0and !_data.empty():1
show back() at 2 val:
   0.999991 -0.00265113 -0.00338543 -0.00293777
 0.00264387    0.999995 -0.00210797 -0.00576197
 0.00339157  0.00209903    0.999992    0.673247
          0           0           0           1
T_w:    0.999972 -0.00138015 -0.00738832  -0.0162717
 0.00135245    0.999993 -0.00360541 -0.00995623
 0.00739391  0.00359546    0.999966     1.36215
          0           0           0           1
ignore---0-------------:

[ pba.cpp:0629 ]: updated 6484 [79.15%] max 7532 new 4096
[ pba.cpp:0633 ]: num_channels 1 num_new_points 4096
Frame 00003


 show T_inv() at 3 val:
    0.999992 -5.32216e-05  -0.00412593  -0.00652459
 4.67775e-05     0.999999  -0.00150821  0.000194007
  0.00412608   0.00150779     0.999991     0.714621
          -0            0           -0            1

 show _data.empty():0and !_data.empty():1
show back() at 3 val:
   0.999972 -0.00138015 -0.00738832  -0.0162717
 0.00135245    0.999993 -0.00360541 -0.00995623
 0.00739391  0.00359546    0.999966     1.36215
          0           0           0           1
==================divide=======================:

T:
   0.999933 -0.00144451   -0.011512  -0.0280763
 0.00138434    0.999986 -0.00511915  -0.0123475
    0.01152  0.00510281    0.999921      2.0767
          0           0           0           1
T_abs:
   0.999933 -0.00144451   -0.011512  -0.0280763
 0.00138434    0.999986 -0.00511915  -0.0123475
    0.01152  0.00510281    0.999921      2.0767
          0           0           0           1
ignore---1-------------:



 show T_inv() at 3 val:
    0.999992 -5.32216e-05  -0.00412593  -0.00652459
 4.67775e-05     0.999999  -0.00150821  0.000194007
  0.00412608   0.00150779     0.999991     0.714621
          -0            0           -0            1

 show _data.empty():0and !_data.empty():1
show back() at 3 val:
   0.999972 -0.00138015 -0.00738832  -0.0162717
 0.00135245    0.999993 -0.00360541 -0.00995623
 0.00739391  0.00359546    0.999966     1.36215
          0           0           0           1
T_w:    0.999933 -0.00144451   -0.011512  -0.0280763
 0.00138434    0.999986 -0.00511915  -0.0123475
    0.01152  0.00510281    0.999921      2.0767
          0           0           0           1
ignore---0-------------:

[ pba.cpp:0629 ]: updated 9004 [73.27%] max 10580 new 4096
[ pba.cpp:0633 ]: num_channels 1 num_new_points 4096
Frame 00004


 show T_inv() at 4 val:
    0.999987   0.00140493  -0.00494187   -0.0103688
 -0.00140807     0.999999 -0.000618049   -0.0016857
  0.00494112   0.00062495     0.999987     0.726833
          -0           -0           -0            1

 show _data.empty():0and !_data.empty():1
show back() at 4 val:
   0.999933 -0.00144451   -0.011512  -0.0280763
 0.00138434    0.999986 -0.00511915  -0.0123475
    0.01152  0.00510281    0.999921      2.0767
          0           0           0           1
==================divide=======================:

T:
    0.999865 -4.68692e-05   -0.0164525   -0.0468092
 -4.9028e-05     0.999984  -0.00574397   -0.0177683
   0.0164533   0.00574389     0.999848      2.80335
           0            0            0            1
T_abs:
    0.999865 -4.68692e-05   -0.0164525   -0.0468092
 -4.9028e-05     0.999984  -0.00574397   -0.0177683
   0.0164533   0.00574389     0.999848      2.80335
           0            0            0            1
ignore---1-------------:



 show T_inv() at 4 val:
    0.999987   0.00140493  -0.00494187   -0.0103688
 -0.00140807     0.999999 -0.000618049   -0.0016857
  0.00494112   0.00062495     0.999987     0.726833
          -0           -0           -0            1

 show _data.empty():0and !_data.empty():1
show back() at 4 val:
   0.999933 -0.00144451   -0.011512  -0.0280763
 0.00138434    0.999986 -0.00511915  -0.0123475
    0.01152  0.00510281    0.999921      2.0767
          0           0           0           1
T_w:     0.999865 -4.68692e-05   -0.0164525   -0.0468092
 -4.9028e-05     0.999984  -0.00574397   -0.0177683
   0.0164533   0.00574389     0.999848      2.80335
           0            0            0            1
ignore---0-------------:

[ pba.cpp:0629 ]: updated 10839 [66.16%] max 13100 new 4096
[ pba.cpp:0633 ]: num_channels 1 num_new_points 4096
before optimize: _trajectory.atId(it.first:
 1 -0  0 -0
-0  1 -0  0
 0 -0  1 -0
-0  0 -0  1
before optimize: _trajectory.atId(it.first:
   0.999991 -0.00265113 -0.00338543 -0.00293777
 0.00264387    0.999995 -0.00210797 -0.00576197
 0.00339157  0.00209903    0.999992    0.673247
          0           0           0           1
before optimize: _trajectory.atId(it.first:
   0.999972 -0.00138015 -0.00738832  -0.0162717
 0.00135245    0.999993 -0.00360541 -0.00995623
 0.00739391  0.00359546    0.999966     1.36215
          0           0           0           1
before optimize: _trajectory.atId(it.first:
   0.999933 -0.00144451   -0.011512  -0.0280763
 0.00138434    0.999986 -0.00511915  -0.0123475
    0.01152  0.00510281    0.999921      2.0767
          0           0           0           1
before optimize: _trajectory.atId(it.first:
    0.999865 -4.68692e-05   -0.0164525   -0.0468092
 -4.9028e-05     0.999984  -0.00574397   -0.0177683
   0.0164533   0.00574389     0.999848      2.80335
           0            0            0            1
[ pba.cpp:0853 ]: _trajectory.size() = 5, frame_id_start=  0[ pba.cpp:0893 ]: Using 8824 points (34319 residual blocks) [id start 0]
iter      cost      cost_change  |gradient|   |step|    tr_ratio  tr_radius  ls_iter  iter_time  total_time
   0  4.647865e+04    0.00e+00    1.82e+06   0.00e+00   0.00e+00  1.00e+04        0    1.87e-02    3.62e-02
   1  4.375005e+04    2.73e+03    1.45e+05   4.90e+01   1.32e+00  3.00e+04        1    2.90e-02    6.53e-02
   2  3.827802e+04    5.47e+03    3.59e+05   1.64e+02   1.33e+00  9.00e+04        1    2.56e-02    9.09e-02
   3  3.504130e+04    3.24e+03    1.08e+05   6.15e+02   1.22e+00  2.70e+05        1    2.60e-02    1.17e-01
   4  3.401622e+04    1.03e+03    8.19e+04   1.99e+03   9.43e-01  8.10e+05        1    2.75e-02    1.45e-01
   5  3.378359e+04    2.33e+02    5.75e+04   7.90e+03   3.81e-01  7.99e+05        1    2.72e-02    1.72e-01
   6  3.372047e+04    6.31e+01    3.23e+04   1.07e+04   1.49e-01  5.94e+05        1    3.77e-02    2.09e-01
   7  3.376000e+04   -3.95e+01    3.23e+04   9.07e+03  -1.03e-01  2.97e+05        1    2.02e-02    2.30e-01
   8  3.376404e+04   -4.36e+01    3.23e+04   4.61e+03  -1.17e-01  7.42e+04        1    1.29e-02    2.43e-01
   9  3.375869e+04   -3.82e+01    3.23e+04   1.19e+03  -1.07e-01  9.28e+03        1    1.29e-02    2.55e-01
  10  3.371984e+04    6.25e-01    2.22e+04   1.81e+02   1.94e-03  4.67e+03        1    2.59e-02    2.81e-01
  11  3.370908e+04    1.08e+01    1.67e+04   1.15e+02   4.06e-02  2.63e+03        1    2.71e-02    3.08e-01
  12  3.375155e+04   -4.25e+01    1.67e+04   8.14e+01  -1.90e-01  1.31e+03        1    1.37e-02    3.22e-01
  13  3.374564e+04   -3.66e+01    1.67e+04   4.49e+01  -1.70e-01  3.29e+02        1    1.28e-02    3.35e-01
  14  3.374141e+04   -3.23e+01    1.67e+04   2.31e+01  -1.64e-01  4.11e+01        1    1.30e-02    3.48e-01
  15  3.372627e+04   -1.72e+01    1.67e+04   2.08e+01  -9.57e-02  2.57e+00        1    1.27e-02    3.61e-01
  16  3.364072e+04    6.84e+01    1.12e+04   1.55e+01   4.72e-01  2.57e+00        1    2.54e-02    3.86e-01
  17  3.361862e+04    2.21e+01    8.45e+03   1.57e+01   2.88e-01  2.38e+00        1    2.69e-02    4.13e-01
  18  3.362131e+04   -2.68e+00    8.45e+03   1.69e+01  -5.23e-02  1.19e+00        1    1.41e-02    4.27e-01
  19  3.360758e+04    1.10e+01    1.09e+04   1.43e+01   2.58e-01  1.07e+00        1    2.53e-02    4.52e-01
  20  3.360104e+04    6.54e+00    9.47e+03   1.29e+01   2.01e-01  8.81e-01        1    2.67e-02    4.79e-01
  21  3.359826e+04    2.78e+00    1.16e+04   6.95e+00   1.10e-01  5.98e-01        1    2.56e-02    5.05e-01
  22  3.359623e+04    2.03e+00    1.11e+04   9.00e-01   1.23e-01  4.19e-01        1    2.78e-02    5.33e-01
  23  3.359759e+04   -1.36e+00    1.11e+04   3.08e-01  -1.64e-01  2.09e-01        1    1.40e-02    5.47e-01
  24  3.359560e+04    6.30e-01    1.39e+04   1.82e-01   1.23e-01  1.46e-01        1    2.51e-02    5.72e-01
  25  3.359642e+04   -8.20e-01    1.39e+04   9.48e-02  -3.07e-01  7.32e-02        1    1.44e-02    5.86e-01
  26  3.359596e+04   -3.62e-01    1.39e+04   5.07e-02  -2.46e-01  1.83e-02        1    1.26e-02    5.99e-01
Ceres Solver Report: Iterations: 27, Initial cost: 4.647865e+04, Final cost: 3.359560e+04, Termination: CONVERGENCE
"after optimize:_trajectory.atId(it.first:
 1  0 -0  0
-0  1  0  0
 0 -0  1 -0
 0  0  0  1
"after optimize:_trajectory.atId(it.first:
   0.999991   -0.002697 -0.00331631 -0.00193116
 0.00268987    0.999994 -0.00215228 -0.00468228
  0.0033221  0.00214334    0.999992    0.671555
          0           0           0           1
"after optimize:_trajectory.atId(it.first:
   0.999972 -0.00134819 -0.00737165  -0.0121981
 0.00132058    0.999992 -0.00374849 -0.00709224
 0.00737664  0.00373865    0.999966     1.36083
          0           0           0           1
"after optimize:_trajectory.atId(it.first:
   0.999935 -0.00141584  -0.0112744  -0.0267465
 0.00135695    0.999985 -0.00522931  -0.0105996
  0.0112817  0.00521367    0.999923      2.0672
          0           0           0           1
"after optimize:_trajectory.atId(it.first:
    0.999869 -0.000105713   -0.0161913   -0.0442557
  1.1329e-05     0.999983  -0.00582926   -0.0170705
   0.0161917   0.00582831     0.999852      2.79071
           0            0            0            1
removing 4096 old points
Frame 00005


 show T_inv() at 5 val:
     0.99999  -0.00112886  -0.00447978  -0.00739688
  0.00112814            1 -0.000195056  -0.00452766
  0.00447922  0.000189946      0.99999     0.743729
          -0            0           -0            1

 show _data.empty():0and !_data.empty():1
show back() at 5 val:
    0.999865 -4.68692e-05   -0.0164525   -0.0468092
 -4.9028e-05     0.999984  -0.00574397   -0.0177683
   0.0164533   0.00574389     0.999848      2.80335
           0            0            0            1
==================divide=======================:

T:
   0.999781  -0.0011787  -0.0209315  -0.0664411
 0.00105336    0.999982 -0.00593874  -0.0265675
  0.0209382  0.00591523    0.999763     3.54682
          0           0           0           1
T_abs:
   0.999781  -0.0011787  -0.0209315  -0.0664411
 0.00105336    0.999982 -0.00593874  -0.0265675
  0.0209382  0.00591523    0.999763     3.54682
          0           0           0           1
ignore---1-------------:



 show T_inv() at 5 val:
     0.99999  -0.00112886  -0.00447978  -0.00739688
  0.00112814            1 -0.000195056  -0.00452766
  0.00447922  0.000189946      0.99999     0.743729
          -0            0           -0            1

 show _data.empty():0and !_data.empty():1
show back() at 5 val:
    0.999869 -0.000105713   -0.0161913   -0.0442557
  1.1329e-05     0.999983  -0.00582926   -0.0170705
   0.0161917   0.00582831     0.999852      2.79071
           0            0            0            1
T_w:   0.999786 -0.0012375 -0.0206703 -0.0636931
0.00111334   0.999982 -0.0060243 -0.0259335
 0.0206766 0.00599995   0.999768    3.53418
         0          0          0          1
ignore---0-------------:

[ pba.cpp:0629 ]: updated 9474 [57.82%] max 12463 new 4096
[ pba.cpp:0633 ]: num_channels 1 num_new_points 4096
before optimize: _trajectory.atId(it.first:
   0.999991   -0.002697 -0.00331631 -0.00193116
 0.00268987    0.999994 -0.00215228 -0.00468228
  0.0033221  0.00214334    0.999992    0.671555
          0           0           0           1
before optimize: _trajectory.atId(it.first:
   0.999972 -0.00134819 -0.00737165  -0.0121981
 0.00132058    0.999992 -0.00374849 -0.00709224
 0.00737664  0.00373865    0.999966     1.36083
          0           0           0           1
before optimize: _trajectory.atId(it.first:
   0.999935 -0.00141584  -0.0112744  -0.0267465
 0.00135695    0.999985 -0.00522931  -0.0105996
  0.0112817  0.00521367    0.999923      2.0672
          0           0           0           1
before optimize: _trajectory.atId(it.first:
    0.999869 -0.000105713   -0.0161913   -0.0442557
  1.1329e-05     0.999983  -0.00582926   -0.0170705
   0.0161917   0.00582831     0.999852      2.79071
           0            0            0            1
before optimize: _trajectory.atId(it.first:
  0.999786 -0.0012375 -0.0206703 -0.0636931
0.00111334   0.999982 -0.0060243 -0.0259335
 0.0206766 0.00599995   0.999768    3.53418
         0          0          0          1
[ pba.cpp:0853 ]: _trajectory.size() = 6, frame_id_start=  1[ pba.cpp:0893 ]: Using 7964 points (30948 residual blocks) [id start 1]
iter      cost      cost_change  |gradient|   |step|    tr_ratio  tr_radius  ls_iter  iter_time  total_time
   0  2.667155e+04    0.00e+00    2.11e+06   0.00e+00   0.00e+00  1.00e+04        0    1.59e-02    3.04e-02
   1  2.407336e+04    2.60e+03    6.52e+05   5.10e+02   1.18e+00  3.00e+04        1    2.59e-02    5.63e-02
   2  2.341927e+04    6.54e+02    2.06e+05   1.40e+03   9.46e-01  9.00e+04        1    3.30e-02    8.93e-02
   3  2.332869e+04    9.06e+01    1.31e+05   4.27e+03   2.42e-01  7.92e+04        1    2.85e-02    1.18e-01
   4  2.325426e+04    7.44e+01    6.22e+04   3.80e+03   2.38e-01  6.92e+04        1    2.59e-02    1.44e-01
   5  2.327382e+04   -1.96e+01    6.22e+04   4.06e+03  -6.83e-02  3.46e+04        1    1.27e-02    1.56e-01
   6  2.326341e+04   -9.16e+00    6.22e+04   2.20e+03  -3.26e-02  8.65e+03        1    1.20e-02    1.69e-01
   7  2.323182e+04    2.24e+01    8.08e+04   6.06e+02   8.38e-02  5.48e+03        1    2.50e-02    1.93e-01
   8  2.315762e+04    7.42e+01    4.75e+04   5.27e+02   3.25e-01  5.26e+03        1    2.54e-02    2.19e-01
   9  2.320091e+04   -4.33e+01    4.75e+04   6.90e+02  -1.89e-01  2.63e+03        1    1.28e-02    2.32e-01
  10  2.318356e+04   -2.59e+01    4.75e+04   3.70e+02  -1.17e-01  6.58e+02        1    1.20e-02    2.44e-01
  11  2.315360e+04    4.02e+00    3.52e+04   1.29e+02   1.99e-02  3.49e+02        1    2.47e-02    2.68e-01
  12  2.312666e+04    2.69e+01    4.74e+04   1.50e+02   1.69e-01  2.71e+02        1    2.56e-02    2.94e-01
  13  2.314089e+04   -1.42e+01    4.74e+04   3.54e+02  -8.71e-02  1.35e+02        1    1.27e-02    3.07e-01
  14  2.313493e+04   -8.26e+00    4.74e+04   3.48e+02  -5.16e-02  3.38e+01        1    1.19e-02    3.19e-01
  15  2.311705e+04    9.62e+00    2.74e+04   3.26e+02   6.19e-02  2.02e+01        1    2.44e-02    3.43e-01
  16  2.307895e+04    3.81e+01    4.24e+04   1.79e+02   3.00e-01  1.90e+01        1    2.67e-02    3.70e-01
  17  2.307910e+04   -1.48e-01    4.24e+04   8.66e+02  -1.20e-03  9.50e+00        1    1.28e-02    3.83e-01
  18  2.306472e+04    1.42e+01    3.17e+04   8.44e+02   1.17e-01  6.56e+00        1    2.39e-02    4.06e-01
  19  2.302021e+04    4.45e+01    2.59e+04   3.73e+02   4.42e-01  6.55e+00        1    2.54e-02    4.32e-01
  20  2.303176e+04   -1.16e+01    2.59e+04   1.05e+02  -1.28e-01  3.27e+00        1    1.28e-02    4.45e-01
  21  2.300277e+04    1.74e+01    2.57e+04   9.76e+01   2.00e-01  2.69e+00        1    2.83e-02    4.73e-01
  22  2.297260e+04    3.02e+01    1.81e+04   1.80e+02   5.34e-01  2.69e+00        1    2.51e-02    4.98e-01
  23  2.297639e+04   -3.79e+00    1.81e+04   8.63e+01  -7.49e-02  1.35e+00        1    1.28e-02    5.11e-01
  24  2.294918e+04    2.34e+01    1.73e+04   5.81e+01   5.15e-01  1.35e+00        1    2.51e-02    5.36e-01
  25  2.293521e+04    1.40e+01    9.34e+03   7.86e+01   7.32e-01  1.50e+00        1    2.61e-02    5.62e-01
  26  2.293775e+04   -2.54e+00    9.34e+03   1.92e+02  -2.15e-01  7.48e-01        1    1.31e-02    5.75e-01
  27  2.293075e+04    4.46e+00    1.61e+04   1.44e+02   4.51e-01  7.48e-01        1    2.42e-02    6.00e-01
  28  2.292952e+04    1.23e+00    9.41e+03   1.31e+02   2.71e-01  6.82e-01        1    2.54e-02    6.25e-01
  29  2.292941e+04    1.13e-01    1.07e+04   1.57e+02   4.81e-02  3.92e-01        1    2.52e-02    6.50e-01
  30  2.292945e+04   -3.76e-02    1.07e+04   1.15e+02  -2.14e-02  1.96e-01        1    1.28e-02    6.63e-01
  31  2.292902e+04    3.90e-01    1.35e+04   7.39e+01   3.35e-01  1.89e-01        1    2.53e-02    6.88e-01
  32  2.292921e+04   -1.87e-01    1.35e+04   8.84e+00  -4.58e-01  9.47e-02        1    1.33e-02    7.02e-01
  33  2.292913e+04   -1.11e-01    1.35e+04   5.09e+00  -4.74e-01  2.37e-02        1    1.20e-02    7.14e-01
  34  2.292905e+04   -2.73e-02    1.35e+04   1.44e+00  -4.09e-01  2.96e-03        1    1.18e-02    7.25e-01
Ceres Solver Report: Iterations: 35, Initial cost: 2.667155e+04, Final cost: 2.292902e+04, Termination: CONVERGENCE
"after optimize:_trajectory.atId(it.first:
   0.999991   -0.002697 -0.00331631 -0.00193116
 0.00268987    0.999994 -0.00215228 -0.00468228
  0.0033221  0.00214334    0.999992    0.671555
          0           0           0           1
"after optimize:_trajectory.atId(it.first:
   0.999972 -0.00134883  -0.0073761   -0.011839
 0.00132133    0.999992 -0.00373201 -0.00737763
 0.00738107  0.00372215    0.999966     1.36036
          0           0           0           1
"after optimize:_trajectory.atId(it.first:
   0.999935 -0.00140767  -0.0112754  -0.0263657
   0.001349    0.999986 -0.00520956  -0.0109633
  0.0112825  0.00519401    0.999923     2.06645
          0           0           0           1
"after optimize:_trajectory.atId(it.first:
   0.999869 -9.9628e-05  -0.0161896  -0.0437278
5.66919e-06    0.999983 -0.00580359  -0.0174919
  0.0161899  0.00580274    0.999852     2.78928
          0           0           0           1
"after optimize:_trajectory.atId(it.first:
   0.999788 -0.00119282  -0.0205509  -0.0623354
 0.00106989    0.999981 -0.00599166  -0.0270145
  0.0205576   0.0059684    0.999771     3.52702
          0           0           0           1
removing 4096 old points
Frame 00006


 show T_inv() at 6 val:
   0.999987    0.001777  -0.0046533 -0.00939852
  -0.001783    0.999997 -0.00128572 -0.00268682
  0.0046517  0.00129428    0.999989     0.76083
         -0          -0          -0           1

 show _data.empty():0and !_data.empty():1
show back() at 6 val:
   0.999781  -0.0011787  -0.0209315  -0.0664411
 0.00105336    0.999982 -0.00593874  -0.0265675
  0.0209382  0.00591523    0.999763     3.54682
          0           0           0           1
==================divide=======================:

T:
    0.999673  0.000570814    -0.025582   -0.0917597
-0.000757243     0.999974  -0.00722927   -0.0337826
    0.025578   0.00724639     0.999647      4.30726
           0            0            0            1
T_abs:
    0.999673  0.000570814    -0.025582   -0.0917597
-0.000757243     0.999974  -0.00722927   -0.0337826
    0.025578   0.00724639     0.999647      4.30726
           0            0            0            1
ignore---1-------------:



 show T_inv() at 6 val:
   0.999987    0.001777  -0.0046533 -0.00939852
  -0.001783    0.999997 -0.00128572 -0.00268682
  0.0046517  0.00129428    0.999989     0.76083
         -0          -0          -0           1

 show _data.empty():0and !_data.empty():1
show back() at 6 val:
   0.999788 -0.00119282  -0.0205509  -0.0623354
 0.00106989    0.999981 -0.00599166  -0.0270145
  0.0205576   0.0059684    0.999771     3.52702
          0           0           0           1
T_w:     0.999682  0.000557208   -0.0252014   -0.0873644
-0.000740964     0.999973  -0.00728226     -0.03427
   0.0251974    0.0072989     0.999656      4.28747
           0            0            0            1
ignore---0-------------:

[ pba.cpp:0629 ]: updated 8867 [54.12%] max 11366 new 4096
[ pba.cpp:0633 ]: num_channels 1 num_new_points 4096
before optimize: _trajectory.atId(it.first:
   0.999972 -0.00134883  -0.0073761   -0.011839
 0.00132133    0.999992 -0.00373201 -0.00737763
 0.00738107  0.00372215    0.999966     1.36036
          0           0           0           1
before optimize: _trajectory.atId(it.first:
   0.999935 -0.00140767  -0.0112754  -0.0263657
   0.001349    0.999986 -0.00520956  -0.0109633
  0.0112825  0.00519401    0.999923     2.06645
          0           0           0           1
before optimize: _trajectory.atId(it.first:
   0.999869 -9.9628e-05  -0.0161896  -0.0437278
5.66919e-06    0.999983 -0.00580359  -0.0174919
  0.0161899  0.00580274    0.999852     2.78928
          0           0           0           1
before optimize: _trajectory.atId(it.first:
   0.999788 -0.00119282  -0.0205509  -0.0623354
 0.00106989    0.999981 -0.00599166  -0.0270145
  0.0205576   0.0059684    0.999771     3.52702
          0           0           0           1
before optimize: _trajectory.atId(it.first:
    0.999682  0.000557208   -0.0252014   -0.0873644
-0.000740964     0.999973  -0.00728226     -0.03427
   0.0251974    0.0072989     0.999656      4.28747
           0            0            0            1
[ pba.cpp:0853 ]: _trajectory.size() = 7, frame_id_start=  2[ pba.cpp:0893 ]: Using 7013 points (26849 residual blocks) [id start 2]
iter      cost      cost_change  |gradient|   |step|    tr_ratio  tr_radius  ls_iter  iter_time  total_time
   0  2.415253e+04    0.00e+00    1.97e+06   0.00e+00   0.00e+00  1.00e+04        0    1.14e-02    2.37e-02
   1  2.094852e+04    3.20e+03    9.66e+05   1.37e+02   1.17e+00  3.00e+04        1    2.25e-02    4.62e-02
   2  2.002514e+04    9.23e+02    3.79e+05   2.07e+02   1.08e+00  9.00e+04        1    2.11e-02    6.74e-02
   3  1.981308e+04    2.12e+02    1.76e+05   4.15e+02   5.09e-01  9.00e+04        1    2.15e-02    8.88e-02
   4  1.971425e+04    9.88e+01    1.31e+05   4.12e+02   3.06e-01  8.50e+04        1    2.86e-02    1.17e-01
   5  1.966257e+04    5.17e+01    6.42e+04   3.82e+02   1.87e-01  6.83e+04        1    2.54e-02    1.43e-01
   6  1.961172e+04    5.09e+01    5.18e+04   2.96e+02   1.98e-01  5.60e+04        1    2.16e-02    1.65e-01
   7  1.959966e+04    1.21e+01    4.62e+04   2.47e+02   4.78e-02  3.22e+04        1    2.12e-02    1.86e-01
   8  1.953532e+04    6.43e+01    4.19e+04   1.57e+02   2.90e-01  3.00e+04        1    2.13e-02    2.07e-01
   9  1.953263e+04    2.69e+00    3.53e+04   1.74e+02   1.29e-02  1.56e+04        1    2.08e-02    2.28e-01
  10  1.950045e+04    3.22e+01    2.59e+04   9.96e+01   1.56e-01  1.17e+04        1    2.11e-02    2.49e-01
  11  1.951383e+04   -1.34e+01    2.59e+04   7.25e+01  -6.64e-02  5.87e+03        1    1.07e-02    2.60e-01
  12  1.949817e+04    2.28e+00    2.62e+04   4.37e+01   1.15e-02  3.04e+03        1    2.23e-02    2.82e-01
  13  1.947431e+04    2.39e+01    4.20e+04   2.26e+01   1.31e-01  2.17e+03        1    3.35e-02    3.15e-01
  14  1.946681e+04    7.50e+00    2.44e+04   3.51e+01   4.22e-02  1.22e+03        1    2.63e-02    3.42e-01
  15  1.944587e+04    2.09e+01    2.62e+04   2.52e+01   1.21e-01  8.54e+02        1    2.13e-02    3.63e-01
  16  1.945219e+04   -6.32e+00    2.62e+04   1.88e+01  -3.85e-02  4.27e+02        1    1.03e-02    3.73e-01
  17  1.944806e+04   -2.19e+00    2.62e+04   1.70e+01  -1.37e-02  1.07e+02        1    9.25e-03    3.83e-01
  18  1.943984e+04    6.03e+00    2.62e+04   1.62e+01   3.94e-02  5.99e+01        1    1.95e-02    4.02e-01
  19  1.944250e+04   -2.66e+00    2.62e+04   6.04e+00  -1.77e-02  3.00e+01        1    1.02e-02    4.12e-01
  20  1.943010e+04    9.74e+00    1.22e+04   5.98e+00   6.55e-02  1.81e+01        1    1.98e-02    4.32e-01
  21  1.941516e+04    1.49e+01    1.02e+04   5.22e+00   1.08e-01  1.22e+01        1    2.05e-02    4.53e-01
  22  1.937382e+04    4.13e+01    1.23e+04   8.48e+00   3.54e-01  1.19e+01        1    2.90e-02    4.82e-01
  23  1.938916e+04   -1.53e+01    1.23e+04   8.56e+00  -1.43e-01  5.96e+00        1    1.09e-02    4.93e-01
  24  1.936772e+04    6.09e+00    7.12e+03   8.18e+00   5.80e-02  3.52e+00        1    2.03e-02    5.13e-01
  25  1.933473e+04    3.30e+01    1.20e+04   7.72e+00   4.06e-01  3.50e+00        1    2.13e-02    5.34e-01
  26  1.931824e+04    1.65e+01    6.81e+03   5.44e+00   2.50e-01  3.11e+00        1    2.21e-02    5.57e-01
  27  1.930972e+04    8.52e+00    8.46e+03   3.31e+00   1.67e-01  2.40e+00        1    3.02e-02    5.87e-01
  28  1.929758e+04    1.21e+01    8.71e+03   6.37e+00   2.51e-01  2.14e+00        1    2.43e-02    6.11e-01
  29  1.929840e+04   -8.21e-01    8.71e+03   6.63e+00  -2.65e-02  1.07e+00        1    1.05e-02    6.22e-01
