

bad default init relative pose:
Ceres Solver Report: Iterations: 27, Initial cost: 4.647865e+04, Final cost: 3.359560e+04, Termination: CONVERGENCE
Ceres Solver Report: Iterations: 27, Initial cost: 2.773258e+04, Final cost: 2.280465e+04, Termination: CONVERGENCE
Ceres Solver Report: Iterations: 39, Initial cost: 2.577149e+04, Final cost: 1.937220e+04, Termination: CONVERGENCE

ORB init absolute pose:
Ceres Solver Report: Iterations: 23, Initial cost: 4.900934e+04, Final cost: 3.273604e+04, Termination: CONVERGENCE
Ceres Solver Report: Iterations: 35, Initial cost: 2.670151e+04, Final cost: 2.245028e+04, Termination: CONVERGENCE
Ceres Solver Report: Iterations: 49, Initial cost: 2.526957e+04, Final cost: 1.922537e+04, Termination: CONVERGENCE


GT init absolute pose:
Ceres Solver Report: Iterations: 45, Initial cost: 1.604652e+04, Final cost: 4.518630e+03, Termination: CONVERGENCE
Ceres Solver Report: Iterations: 45, Initial cost: 7.440663e+03, Final cost: 4.944749e+03, Termination: CONVERGENCE
Ceres Solver Report: Iterations: 48, Initial cost: 1.036465e+04, Final cost: 5.766216e+03, Termination: CONVERGENCE



Of kitti format absolute pose:
Frame 00001
T:    0.999991 -0.00265113 -0.00338543 -0.00293777
 0.00264387    0.999995 -0.00210797 -0.00576197
 0.00339157  0.00209903    0.999992    0.673247
          0           0           0           1
T_w:    0.999991 -0.00265113 -0.00338543 -0.00293777
 0.00264387    0.999995 -0.00210797 -0.00576197
 0.00339157  0.00209903    0.999992    0.673247
          0           0           0           1


Frame 00002
T:    0.999972 -0.00138015 -0.00738832  -0.0162717
 0.00135245    0.999993 -0.00360541 -0.00995623
 0.00739391  0.00359546    0.999966     1.36215
          0           0           0           1
T_w:    0.999972 -0.00138015 -0.00738832  -0.0162717
 0.00135245    0.999993 -0.00360541 -0.00995623
 0.00739391  0.00359546    0.999966     1.36215
          0           0           0           1

Frame 00003
T:    0.999933 -0.00144451   -0.011512  -0.0280763
 0.00138434    0.999986 -0.00511915  -0.0123475
    0.01152  0.00510281    0.999921      2.0767
          0           0           0           1
T_w:    0.999933 -0.00144451   -0.011512  -0.0280763
 0.00138434    0.999986 -0.00511915  -0.0123475
    0.01152  0.00510281    0.999921      2.0767
          0           0           0           1


Of kitti format relative pose:
Frame 00001
T:  0.999991  0.002644  0.003391   0.00067
-0.002651  0.999994  0.002099  0.004341
-0.003386 -0.002108  0.999992 -0.673264
        0         0         0         1
T_w:    0.999991 -0.00265113 -0.00338543 -0.00293777
 0.00264387    0.999995 -0.00210797 -0.00576197
 0.00339157  0.00209903    0.999992    0.673247
          0           0           0           1

Frame 00002
T:  0.999991 -0.001282  0.004005  0.008246
0.001277  0.999998  0.001492  0.001699
-0.004007 -0.001487  0.999991 -0.688997
      0         0         0         1
T_w:    0.999972 -0.00138015 -0.00738832  -0.0162717
0.00135245    0.999993 -0.00360541 -0.00995623
0.00739391  0.00359546    0.999966     1.36215
        0           0           0           1

Frame 00003
T:  0.999991   4.7e-05  0.004126  0.003576
 -5.3e-05  0.999999  0.001508 -0.001272
-0.004126 -0.001508   0.99999  -0.71464
        0         0         0         1
T_w:    0.999933 -0.00144451   -0.011512  -0.0280763
 0.00138434    0.999986 -0.00511915  -0.0123475
    0.01152  0.00510281    0.999921      2.0767
          0           0           0           1




before optimize: _trajectory.atId(it.first:
   0.997276  0.00293397  -0.0736955    -2.87058
-0.00298201    0.999995 -0.00054184   -0.491451
  0.0736936 0.000760125    0.997281     47.2898
          0           0           0           1
before optimize: _trajectory.atId(it.first:
   0.997231   0.0037336  -0.0742764    -2.94904
-0.00387784    0.999991 -0.00179785   -0.501533
   0.074269   0.0020809    0.997236     48.2516
          0           0           0           1
before optimize: _trajectory.atId(it.first:
   0.997221  0.00241862  -0.0744642    -3.02331
-0.00229339    0.999996  0.00176721   -0.514199
  0.0744681 -0.00159152    0.997222     49.2168
          0           0           0           1
before optimize: _trajectory.atId(it.first:
    0.997208  0.000432748   -0.0746761     -3.10118
-7.31593e-05     0.999988   0.00481799    -0.524172
   0.0746773  -0.00479907     0.997196      50.1833
           0            0            0            1
before optimize: _trajectory.atId(it.first:
     0.99686 -0.000634569   -0.0792007     -3.30868
 0.000935833     0.999993   0.00379146    -0.537003
   0.0792007  -0.00386011     0.996854      51.5946
           0            0            0            1
!!!!!!!!!!!!!!!!!!!!!!!!!!!!!!!!---What---!!!!!!!!!!!!!!!!!!!!!!!!!!!!!!!!!!!!!!!!!!!!!!!!!!
Ceres Solver Report: Iterations: 64, Initial cost: 6.234766e+04, Final cost: 3.749860e+04, Termination: CONVERGENCE
"after optimize:_trajectory.atId(it.first:
   0.997276  0.00293397  -0.0736955    -2.87058
-0.00298201    0.999995 -0.00054184   -0.491451
  0.0736936 0.000760125    0.997281     47.2898
          0           0           0           1
"after optimize:_trajectory.atId(it.first:
    0.99723  0.00371276   -0.074293    -2.94822
-0.00385847    0.999991 -0.00181795   -0.501077
  0.0742856  0.00209958    0.997235     48.2508
          0           0           0           1
"after optimize:_trajectory.atId(it.first:
   0.997223  0.00242892  -0.0744386     -3.0229
-0.00230568    0.999996  0.00174141   -0.513823
  0.0744426 -0.00156494    0.997224     49.2147
          0           0           0           1
"after optimize:_trajectory.atId(it.first:
    0.997204  0.000482729    -0.074728      -3.0961
-0.000122833     0.999988   0.00482059      -0.5248
   0.0747295  -0.00479793     0.997192      50.1762
           0            0            0            1
"after optimize:_trajectory.atId(it.first:
   0.997194 -0.00149866  -0.0748489    -3.17904
 0.00190668    0.999984  0.00538012   -0.532208
  0.0748396 -0.00550774     0.99718     51.1408
          0           0           0           1



   0.999991 -0.00265113 -0.00338543 -0.00293777
 0.00264387    0.999995 -0.00210797 -0.00576197
 0.00339157  0.00209903    0.999992    0.673247
          0           0           0           1
before optimize: _trajectory.atId(it.first:
   0.999972 -0.00138015 -0.00738832  -0.0162717
 0.00135245    0.999993 -0.00360541 -0.00995623
 0.00739391  0.00359546    0.999966     1.36215
          0           0           0           1
before optimize: _trajectory.atId(it.first:
   0.999933 -0.00144451   -0.011512  -0.0280763
 0.00138434    0.999986 -0.00511915  -0.0123475
    0.01152  0.00510281    0.999921      2.0767
          0           0           0           1
before optimize: _trajectory.atId(it.first:
    0.999865 -4.68692e-05   -0.0164525   -0.0468092
 -4.9028e-05     0.999984  -0.00574397   -0.0177683
   0.0164533   0.00574389     0.999848      2.80335
           0            0            0            1




before optimize: _trajectory.atId(it.first:
    0.999109   0.00241007   -0.0421333    -0.223095
 -0.00244848     0.999997 -0.000859935   -0.0734083
   0.0421311  0.000962331     0.999112       7.4172
           0            0            0            1
before optimize: _trajectory.atId(it.first:
    0.99899  0.00389833  -0.0447527   -0.266344
-0.00396772    0.999991 -0.00146168  -0.0832998
  0.0447466  0.00163777    0.998997     8.22395
          0           0           0           1
before optimize: _trajectory.atId(it.first:
   0.998892  0.00336217  -0.0469356   -0.309045
-0.00344428    0.999993 -0.00166881   -0.090322
  0.0469296  0.00182862    0.998897     9.03904
          0           0           0           1
before optimize: _trajectory.atId(it.first:
    0.99881 0.000358934  -0.0487637   -0.348389
-0.00046977    0.999997 -0.00226148  -0.0967292
  0.0487627   0.0022817    0.998808     9.86322
          0           0           0           1
before optimize: _trajectory.atId(it.first:
   0.998708 0.000255394  -0.0508109   -0.395272
-0.00033394    0.999998  -0.0015458   -0.102833
  0.0508104  0.00156151    0.998707     10.7013
          0           0           0           1
